I,G,C,H
0.17231834251594075,0.1724914279125117,0.3231864392486304,0.33200379032291877
0.8256654605375606,0.0001462156482626206,0.11776553370229297,0.056422790111881685
0.09379685566426546,0.39194992779531695,0.24996407431052797,0.2642891422298915
0.7409819251498617,1.7501010392045142e-05,0.15338125344105652,0.1056193203986884
0.0460997358526362,0.49730546309427054,0.21664034189173834,0.23995445916135805
0.2298956948030758,0.1628137713723093,0.3374891592109353,0.26980137461367654
0.05376474204570479,0.48114494137889774,0.21979777864139013,0.2452925379340088
0.165276274073738,0.012102738347397007,0.4282980267164928,0.39432296086237145
0.04031758895132235,0.47845539952757365,0.240821906671639,0.24040510484946156
0.30825805295247327,0.00867871941749233,0.38839861593528374,0.29466461169475316
0.05516581698751624,0.46502679743226083,0.23717065190552017,0.24263673367470623
0.2249944410875208,0.04691545356996833,0.4081906819765088,0.31989942336600097
0.8035037685810071,0.010623534104448731,0.10888270640387054,0.07698999091067009
0.533149114189128,0.0032209251172065534,0.2840999985071488,0.17952996218652006
0.04790588886714983,0.4870463323005068,0.21495456468724947,0.2500932141450911
0.06263328295598918,0.46111860523130255,0.24118446003033478,0.23506365178237376
0.14060855238128292,0.3406497216190909,0.27152335899084573,0.24721836700878366
0.30037271901435564,0.0027890062650593956,0.44218923171418395,0.2546490430063982
0.05331825421590476,0.5232579127837057,0.16599107427733248,0.25743275872306015
0.3235292197486247,0.05858077835468077,0.34776875364542215,0.2701212482512731
0.05694705120785929,0.4840508963538091,0.21899778326982822,0.24000426916850554
0.27594556867807557,0.04497789956672985,0.38575927756228706,0.29331725419290655
0.06418683058044539,0.44842630343082457,0.241321067563379,0.24606579842534795
0.742595713564669,0.009451106904558061,0.1382837045867245,0.10966947494404825
0.5925621827333789,0.003974896121680247,0.22198955219113725,0.18147336895380523
0.2647956541197197,0.02317232570642969,0.4141895879146397,0.29784243225921203
0.7433156488721082,7.084679100603535e-05,0.15817143646856527,0.09844206786832328
0.168821079506459,0.12900675878441942,0.3725044818284171,0.32966767988070766
0.344876703160362,1.0459140211273147e-13,0.5463224813194427,0.10880081552008984
0.05943461044577266,0.5034796111629758,0.2073860771311311,0.22969970126011885
0.05224026142651607,0.5749106147765892,0.1502753162408954,0.2225738075560016
0.9528019560905916,5.773389351379427e-06,0.030621691238353854,0.016570579281700932
0.9527933925775326,5.778445502318656e-06,0.030628827344420344,0.016572001632545998
0.05918642902031559,0.4874306394698051,0.22621218758574085,0.22717074392413872
0.06076838225373704,0.4743463823408245,0.2297230733268587,0.23516216207858195
0.22505827503175715,0.04679656247821672,0.40829551576425727,0.3198496467257716
0.1306531553014314,0.2692483235503633,0.29995471992426914,0.30014380122393325
0.16105052992803387,0.26191349694165555,0.29292442635912225,0.28411154677118955
0.2854775075497443,0.04941308208948947,0.3507141820434746,0.31439522831728844
0.23186984860793533,0.003433449994800049,0.4589198271288709,0.3057768742683911
0.09612588883312903,0.4384615619145354,0.23262750432827656,0.2327850449240592
0.9024877670522657,9.806306775981429e-05,0.06422653476854813,0.03318763511142338
0.33163286047260276,0.10450207681960641,0.30483209079745716,0.25903297191033514
0.07510126766569669,0.38388238662423296,0.26228085607365,0.2787354896364239
0.16841969381424804,0.1289118915466184,0.36545477896628603,0.3372136356728498
0.47530806963014544,0.0032366555340723247,0.3355131640349811,0.18594211080080467
0.37431531377204375,0.017007067465671006,0.34194472565123585,0.26673289311104653
0.08974209410457047,0.3734947799957169,0.26140184802682326,0.2753612778728912
0.04687506928591895,0.5216356841779386,0.20174263672035508,0.22974660981578743
0.07513253649527032,0.38388204602790754,0.26232506404747624,0.27866035342934353
0.04701913976421073,0.4762024488884849,0.23732339498394556,0.23945501636336186
0.4188957679960428,0.06807099774570266,0.28229153930394174,0.23074169495431393
0.34270299810473237,1.0065070389475542e-07,0.5253412999772139,0.13195560126735228
0.08817778129571138,0.38455649189605523,0.253935828764621,0.27332989804361024
0.27724498311044765,0.02007712819356642,0.38866104669275714,0.31401684200323116
0.3743163478528984,0.016996692801242528,0.34196745782396226,0.26671950152189733
0.9227255850155486,3.1526044086056905e-07,0.050825137490329304,0.026448962233683673
0.8124341783830831,0.0039780032831747995,0.11603621167118262,0.0675516066625627
0.27595707739929676,0.044984111833521565,0.3857427896527312,0.2933160211144523
0.12062153795132062,0.2930909271479349,0.3024929406316685,0.2837945942690774
0.2854954788454973,0.04938170883272542,0.3507294082452613,0.31439340407651656
0.9494459172999113,0.0002422961033015287,0.03085066398426609,0.019461122612518394
0.17317620392949873,0.11636367937395654,0.4014571572786956,0.3090029594178459
0.05223596091487356,0.5749785201863619,0.15021940544544077,0.22256611345332056
0.06382797555057139,0.4524079410258503,0.24347636579314957,0.24028771763042536
0.17756459008802672,0.0626875132841675,0.4435869884722712,0.316160908155534
0.23436504825888554,0.0532859137508917,0.40132804415068074,0.31102099383954124
0.1981596983272519,0.16911996122504805,0.34747061087656655,0.2852497295711317
0.12503470156474267,0.2932925148174991,0.2977210370346803,0.28395174658308125
0.058410737665214846,0.4769745734636854,0.22793254122854456,0.2366821476425553
0.06383100907628503,0.4524102692619966,0.2434744892389414,0.24028423242278024
0.13578968114665937,0.2700045514028235,0.30093714908026264,0.29326861837025764
0.7794480376240603,0.008821145761287601,0.12444611106970313,0.0872847055449493
0.778012645717756,2.0640396782032525e-05,0.14577763542237362,0.07618907846308913
0.7844654495481228,0.013852664210978366,0.12145998748681401,0.08022189875408693
0.9413150044078362,1.4190363205605103e-08,0.03769737393823865,0.020987607463562267
0.20649156992646348,0.009214306382382732,0.44414441522644293,0.34014970846471
0.02477090892421556,0.6420318845043465,0.11930519142161185,0.21389201514982645
0.06149768333161119,0.47117428112655746,0.23401764191022084,0.2333103936316123
0.061092225634507655,0.4900611157665205,0.21092919938027138,0.2379174592186999
0.2637518977077225,0.0160572518909762,0.3926707259338459,0.32752012446745304
0.7296854222818108,2.2283761524840288e-05,0.1583071130434803,0.11198518091318373
0.09659612638558185,0.43801095619799374,0.23752729890814156,0.22786561850828224
0.19795555711426313,0.1694243227696762,0.3408903176276264,0.2917298024884323
0.20075234792835023,0.18055906200813418,0.3138988016709752,0.3047897883925399
0.06598015546785038,0.4643768293951031,0.2306632967264286,0.23897971841061505
0.9608805935564235,0.00012982901971398083,0.02433208062625186,0.014657496797609268
0.517070163469522,0.02721758912881294,0.2654491249545772,0.190263122447091
0.16407563697018565,0.011921628812948068,0.42898858425525327,0.3950141499616153
0.32349037302740064,0.05858254419458867,0.3478018546364618,0.27012522814154794
0.10820494023955382,0.21420204350201671,0.38718181618621605,0.29041120007221455
0.2866597368254453,0.020933633583269037,0.386944832729429,0.30546179686185837
0.15910121434535573,0.25238341668490955,0.3168231329673173,0.2716922360024188
0.1498940797018682,0.23522942124216184,0.2949971740729287,0.3198793249830394
0.04500208203014545,0.5454163096433468,0.18877669525206991,0.22080491307443964
0.2432905878398504,0.05397761205421685,0.3930180392693309,0.3097137608366038
0.058410212703108845,0.4769723362032215,0.2279314939983475,0.23668595709531925
0.7548413010643863,0.0002105230721474377,0.15282835584935867,0.0921198200141098
0.17229503897809653,0.1725397310656304,0.3231645095871556,0.33200072036911904
0.051006906800775534,0.4951592123025724,0.20307060851660844,0.2507632723800444
0.3003312228636178,0.000351191243253163,0.39450749615514036,0.30481008973798834
0.9956273250355848,1.3277039602069452e-06,0.002720388413027323,0.001650958847431136
0.27445615620539676,0.022424201966957012,0.4147438924264353,0.2883757494012084
0.2007835274029019,0.17087799151751537,0.3215227970902223,0.3068156839893603
0.8118045830682754,0.0002055601748017829,0.12527345399651113,0.0627164027604101
0.06263212273863368,0.4611239767700909,0.24118098757455378,0.23506291291671833
0.05645699863222045,0.4662091186408837,0.22909171485659593,0.24824216787030318
0.3082362780775167,0.008681354531565806,0.3883921990058774,0.29469016838503836
0.057737590003124506,0.453679182380104,0.23214621766847518,0.25643700994829666
0.20666261897766533,0.009300213629719608,0.43594331834245326,0.34809384905016144
0.2641987062331131,0.02279883003635945,0.4220998769838833,0.2909025867466452
0.311414586342145,0.003057436379739896,0.43114195367604113,0.2543860236020751
0.07624455459611931,0.4113883805593705,0.2612412595901372,0.2511258052543722
0.1731750089767549,0.11690229406666346,0.39383570837170895,0.3160869885848708
0.2403683686151881,0.017901365258109883,0.38314006032470377,0.35859020580199474
0.14257066331581206,0.28581027698991485,0.32640080911129443,0.2452182505829803
0.7626011508290255,0.00792292457399159,0.1270750196379302,0.10240090495905056
0.06744993989665075,0.45185439886926,0.2337580267941368,0.24693763443995417
0.09170744823624741,0.38821205467939335,0.2730618296072568,0.24701866747709902
0.7615708180288859,0.0012888137880246976,0.1400075510267557,0.09713281715633491
0.5331344164760203,0.003218368334634294,0.28413160633431017,0.1795156088550346
0.04789075944012474,0.4870765922642242,0.21492609026696302,0.25010655802869053
0.056952906635289124,0.4840267957846933,0.21902277313976742,0.23999752444024725
0.7983802223174489,0.0009242791774513077,0.12024243998256318,0.08045305852253765
0.21494312444669222,0.11046048101284445,0.3782164604475141,0.2963799340929504
0.32834862612492693,0.006182996367506806,0.40710034537781553,0.2583680321297494
0.04031846907904596,0.47844869286410546,0.24082527761083639,0.24040756044601358
0.5823550035517299,0.004212481783844334,0.22504683633180453,0.18838567833262385
0.2892309707804345,0.0003066622045116758,0.40417899702149884,0.3062833699935571
0.24038250100774394,0.07797135579018943,0.3854477714333272,0.29619837176874064
0.5170711193673484,0.027217173082074615,0.2654544167531407,0.1902572907974342
0.1387774824774036,0.21316715216999027,0.33051773270866097,0.31753763264394264
0.24039684334130348,0.01789354895430957,0.38317584921232123,0.35853375849206903
0.22577537523978625,0.17172445459540256,0.33847124054709515,0.26402892961771535
0.1490549177870598,0.23432767461763454,0.2892028648530259,0.32741454274227966
0.7779655353403838,2.0664252204979158e-05,0.14580001549969887,0.07621378490771222
0.21498435995036133,0.11042084421444118,0.3782665714624234,0.29632822437277284
0.04702265418692528,0.47621116139831543,0.23731939660513107,0.23944678780963144
0.053311636777484635,0.5232937830104039,0.16595304848584697,0.2574415317262633
0.8227621854068394,0.008629311668682,0.09999806743037434,0.06861043549410392
0.2289476514547807,0.04485995287115934,0.41408135061102314,0.3121110450630376
0.1378172318704931,0.22166165445754263,0.3371386819094733,0.303382431762489
0.3049430902368648,0.0337357124110169,0.41391396782651046,0.24740722952560829
0.14060099034876214,0.34065461990433993,0.2715275807716686,0.2472168089752293
0.17050170214317648,0.060408057533325704,0.4532777890909833,0.3158124512325117
0.13269102716942158,0.22067336513853053,0.33633722466738614,0.3102983830246653
0.09567090536711867,0.38702046818080105,0.27483018257189884,0.24247844388018208
0.1338798418192012,0.21187877904917193,0.33636856883893124,0.31787281029269787
0.1591019536209636,0.25238428493833576,0.31682343675475,0.2716903246859497
0.10787600512504905,0.20576398927911135,0.38866776006461307,0.2976922455312242
0.24322729348499286,0.05419632302013797,0.3856973482627186,0.31687903523215233
0.7002254443558988,0.006896572268486669,0.17380121032948811,0.11907677304612808
0.9956264481536585,1.3286230328643895e-06,0.002720910079431705,0.0016513131438737414
0.5682340942774978,4.2362237360877085e-07,0.30751016759196104,0.12425531450816678
0.2402950820992255,0.07809353955450118,0.3854235358044644,0.2961878425418119
0.161148206471168,0.26173707495152765,0.29297439059617203,0.2841403279811323
0.8124062632228493,0.0039799464318741795,0.11605041801989582,0.06756337232538141
0.2637548480765168,0.016062457581335666,0.3926641497563045,0.3275185445858405
0.32321285541525674,0.10569914553983838,0.31121901167089355,0.2598689873740125
0.09328751465741855,0.3529427787141007,0.2771483480906234,0.2766213585378557
0.713556191636327,0.0006849599197108995,0.17515084024392163,0.11060800820004228
0.7756555360690703,2.1086954048325555e-05,0.15315373389157497,0.07116964308530432
0.342703856853761,1.0043770473352769e-07,0.5253260158932155,0.1319700268153197
0.7544048508412702,5.832516222506203e-05,0.1506098544208902,0.09492696957561216
0.7756353308782342,2.110544542361936e-05,0.1531664555195773,0.07117710815676814
0.23046608816277797,0.0033220482983941984,0.4677088588120856,0.298503004726741
0.2298842034172989,0.16282909954344152,0.33748497274101424,0.2698017242982438
0.5685270549633094,4.1898790136663173e-07,0.30737501485820623,0.12409751119058468
0.3284229398068672,0.0061744419628634185,0.4070898708155162,0.25831274741475413
0.046102716089623276,0.4972973749103694,0.21664862152038838,0.23995128747961744
0.7774210826001239,0.001024358430831436,0.13235402367935817,0.08920053528968905
0.7813721722343573,0.001201830244438152,0.12870879715352193,0.0887172003676855
0.7600730257174065,0.016806964420305243,0.13255564870782338,0.09056436115446495
0.07656509653491471,0.4110359378341034,0.26661710790205706,0.24578185772892278
0.09379002345515738,0.39198138094193,0.24996664597275595,0.26426194963015404
0.25996615748176516,0.05576751497748696,0.35759787955916644,0.3266684479815781
0.05374688787590799,0.4777610205235728,0.2338020911877292,0.2346900004127896
0.42876461721448594,0.06656308798345925,0.27546277866591634,0.22920951613613794
0.05376704828530106,0.48113503235552574,0.2198036404188014,0.24529427894037475
0.4843043774735032,0.0031049747532909027,0.3328427687754786,0.17974787899772532
0.0466188319100851,0.5311720998978011,0.1928280487209993,0.22938101947111472
0.9108830436701119,6.224647580871798e-07,0.058548102081330516,0.030568231783800047
0.06419043155251222,0.4484162747980288,0.2413269191784866,0.2460663744709734
0.27368916482210354,0.12237212564082998,0.32809346917090687,0.2758452403661594
0.09837554874907443,0.34215817924656944,0.2807439091950747,0.27872236280927987
0.25994692307515865,0.055785094825461706,0.35759525604353787,0.3266727260558384
0.30492285163340793,0.03374236101863662,0.4138848226306862,0.24744996471726596
0.2745374809357745,0.022368265726641332,0.41470613852990773,0.28838811480767756
0.9413530768713969,1.4616572610146626e-08,0.03765839976904978,0.020988508742979573
0.1378220018829597,0.28557012922262937,0.33194897022992187,0.24465889866449164
0.05099479398046132,0.49518983147130724,0.20305176007640618,0.25076361447182277
0.06149159846700986,0.4711867066054435,0.2340112824661813,0.23331041246136644
0.23225442032346194,0.17103982434675513,0.3386922594273081,0.25801349590247236
0.7002039141400268,0.006898762824784144,0.17380839136579967,0.11908893166939005
0.02475274908479051,0.6421007441263822,0.11923790773266538,0.2139085990561651
0.281219617885779,0.1216359065138326,0.3279278126778843,0.2692166629225034
0.7542264876158086,0.010909484870278752,0.13636923683389449,0.09849479068001482
0.34669585158737104,1.6627349593424372e-13,0.5400239445992991,0.11328020381316563
0.9024934351532415,9.802576454414105e-05,0.06421747993255869,0.03319105914965274
0.04839130546693618,0.5078768152954682,0.2055313783172325,0.23820050092036527
