I,G,C,H
0.13890022198663116,0.08135836045294843,0.32092891225230813,0.45881250530811096
0.7463278052606892,0.07500000000000084,0.10367219473876149,0.07500000000054895
0.14442706116450904,0.08411325003130621,0.3471332003825201,0.42432648842166365
0.6869977960450481,0.07500000846654435,0.1629991127668007,0.07500308272160616
0.08489894407875048,0.5846651975245268,0.15382613016675914,0.17660972822996157
0.22724873978756305,0.07500000000281747,0.6227512596825489,0.07500000052707008
0.0793680515441816,0.6547694497222271,0.12278611387398736,0.14307638485960367
0.2404969116886938,0.07500000032208998,0.6095030257997757,0.07500006218944094
0.08609492433382467,0.5755465707277184,0.15735185366097842,0.18100665127747637
0.27399749198038087,0.07500000000349719,0.5760025072664272,0.07500000074969493
0.08400487221490423,0.576763763739118,0.15268912187871087,0.18654224216726892
0.23735824418015122,0.07500000000003043,0.6126417558139825,0.0750000000058346
0.7247746443851125,0.07500000017935252,0.12522529093482004,0.07500006450071559
0.5424050745417258,0.07500000000018812,0.3075949254343574,0.07500000002372777
0.08089731301349956,0.6284058938553958,0.13294841314861489,0.1577483799824908
0.07971121117799314,0.6484988700844785,0.12521463548457373,0.14657528325295455
0.7748965084659128,0.07500000000000119,0.07510349153330145,0.07500000000078334
0.21029812949558696,0.07500000000000145,0.6397018705038291,0.07500000000058206
0.07917364776637624,0.6582932887635095,0.12142118813977702,0.14111187533033576
0.774847878804117,0.07500000000000001,0.07515212119587776,0.07500000000000573
0.08140215738613815,0.6199049626459336,0.13621234754869158,0.162480532419235
0.24098503491380535,0.07500000000002914,0.6090149650805227,0.0750000000056424
0.07917342340407177,0.6582955455411253,0.12142018489133655,0.14111084616346498
0.774731762120954,0.07500000000000022,0.07526823787890424,0.07500000000014118
0.7749995309192691,0.075,0.07500046908073053,0.07500000000000001
0.22720728604507084,0.07500002057055394,0.622788844635934,0.07500384874844032
0.6162147076149369,0.0750000000011466,0.2337852922103399,0.07500000017357646
0.19193310798533458,0.07502305820792396,0.5736498993752607,0.15939393443148006
0.22285599251886995,0.07500000000001635,0.6271440074774703,0.07500000000364412
0.07878057072620907,0.6724071629205637,0.11754935980491746,0.13126290654831216
0.0859996613871628,0.546148043081181,0.16424379900629363,0.20360849652536073
0.7749997799633456,0.075,0.07500022003665358,0.075
0.7749997784418087,0.075,0.07500022155819033,0.075
0.07875725315808373,0.6728009977355734,0.11738554506341034,0.13105620404293192
0.07932111455784091,0.6556134681051535,0.12245941139291287,0.14260600594409212
0.23713134939377634,0.07500000000003051,0.6128686506003465,0.0750000000058468
0.3111610727012226,0.0750127312291835,0.5366498328416841,0.0771763632279103
0.1401496936731289,0.09083972478053773,0.31704247353413234,0.45196810801220244
0.22281674620239683,0.07500000000019645,0.6271832537284957,0.07500000006891076
0.22714575767430667,0.0750007784437524,0.6227080713482499,0.07514539253369137
0.13539898168427,0.1151522654798953,0.3099267972503799,0.43952195558545615
0.7646861164882488,0.07500000000000052,0.08531388351144827,0.07500000000030248
0.7738031055868403,0.07500000000000018,0.07619689441300333,0.07500000000015603
0.2046209993965895,0.07585388873617743,0.5371473447136318,0.18237776715360068
0.19419627537601147,0.07624588173353786,0.5009420575499511,0.22861578534049923
0.7748142956614333,0.075,0.07518570433856366,0.07500000000000359
0.7749997858107708,0.075,0.07500021418922867,0.075
0.13844117144240753,0.07910484324994853,0.3348436659638918,0.44761031934375367
0.08536031063291782,0.5795332476179341,0.1559070154339674,0.17919942631518093
0.20577137305969723,0.07580874838057919,0.5411826040347758,0.17723727452494814
0.07958279783879373,0.659064810790023,0.12310024104083978,0.1382521503303412
0.7726779155499266,0.07500000000126189,0.0773220836574971,0.07500000079131543
0.21032010093839348,0.07500000000000147,0.6396798990610176,0.07500000000058768
0.13803147787877248,0.08404946248626434,0.3202740267452278,0.45764503288973474
0.29564399255362367,0.0750143739041952,0.551612843357356,0.07772879018482495
0.7749997857024837,0.075,0.07500021429751552,0.075
0.7749455636004321,0.075,0.07505443639956669,0.0750000000000018
0.7749997857270892,0.075,0.07500021427291001,0.075
0.24117347858088894,0.07500000000002907,0.6088265214134491,0.07500000000563235
0.1533036282308717,0.07606731634464402,0.3957206024204388,0.3749084530040464
0.224349162972115,0.0750000000001973,0.6256508369593986,0.07500000006828976
0.7749903963878513,0.075,0.07500960361214509,0.07500000000000277
0.22284278465379964,0.07500000000072117,0.6271572151843132,0.0750000001611657
0.08600170391352376,0.5460057982934291,0.16429990023993524,0.2036925975531114
0.0791735170380602,0.6582942789228753,0.12142067351352324,0.14111153052554137
0.22721313523751369,0.07500002041796074,0.6227830204144765,0.0750038239300478
0.22721973035213655,0.07500000000003397,0.6227802696414717,0.07500000000635856
0.2999471605941697,0.07500000000104176,0.5500528391676625,0.07500000023712608
0.1543851075418158,0.07704438510165032,0.3680762786301376,0.40049422872639606
0.07917353916869378,0.658294404134827,0.12142068338223228,0.14111137331424878
0.0791735725957471,0.6582937456035516,0.12142092886917955,0.14111175293152242
0.3255814677438758,0.07500482896383366,0.5229898853102536,0.07642381798203768
0.7749985713978983,0.075,0.07500142860210157,0.07500000000000001
0.7749997856055793,0.075,0.07500021439441992,0.075
0.7749264195137147,0.075,0.07507358048628304,0.0750000000000014
0.7749992674906452,0.075,0.07500073250935495,0.07500000000000002
0.22276953023222257,0.07500010492918825,0.6272067516880644,0.0750236131505245
0.0791734505722091,0.6582956703604856,0.1214202144818691,0.14111066458543545
0.08162159047946865,0.6157885502142734,0.13780106507662065,0.16478879422963655
0.07930711596764618,0.6558652518112608,0.12236191647406369,0.14246571574702738
0.184109576816884,0.0765529135457943,0.4670445194367795,0.27229299020054215
0.6714987318509053,0.07500004393253737,0.1784923661417197,0.07500885807483676
0.14040484478588877,0.1201337969016524,0.33355615679855133,0.4059052015139069
0.3064258861541533,0.07500000000075938,0.5435741136594701,0.07500000018561623
0.20267297434041953,0.07765842439834038,0.48354768678611854,0.23612091447512074
0.0813187894403202,0.6333955108661595,0.13372425492290357,0.15156144477061725
0.7749904123928549,0.075,0.07500958760714302,0.0750000000000027
0.7749997856892435,0.075,0.07500021431075699,0.075
0.24087316392200403,0.07500000036384465,0.6091267653943921,0.0750000703197587
0.774847430265138,0.07500000000000001,0.07515256973485596,0.07500000000000503
0.12048505902793594,0.23930797173216917,0.2906204776432451,0.34958649159664923
0.308865588135106,0.07500607907216078,0.5392157733516031,0.07691255944112965
0.2993099283704479,0.07500000004212808,0.5506900616118365,0.07500000997558742
0.16534437590923062,0.0761157777569428,0.4257658235864968,0.33277402274732815
0.07872018138552919,0.6734286965830243,0.11712461302195729,0.1307265090094883
0.26316180046699517,0.0750001138352024,0.5868122213890116,0.07502586430879152
0.07917357503082398,0.6582942587077624,0.12142079944401796,0.14111136681739472
0.7727787195144137,0.07500000010882812,0.07722120922522399,0.0750000711515352
0.1387712947070625,0.0817703963412591,0.3207923109378619,0.45866599801381647
0.07917360257412363,0.6582940521405923,0.12142091211389312,0.14111143317139213
0.23208255996519966,0.07500002727113504,0.6179122526626559,0.07500516010100891
0.7749015174544094,0.075,0.07509848254558742,0.07500000000000188
0.3874056073738898,0.07500000000000126,0.46259439262561186,0.07500000000049889
0.20262222651850154,0.07615626724379047,0.5026733257198799,0.21854818051782682
0.741709388918458,0.07500000000000373,0.1082906110797749,0.07500000000176252
0.07971219651954507,0.6484805539338896,0.1252217500227209,0.14658549952384364
0.08438623680485961,0.5914758019074301,0.1510197299316845,0.17311823135602636
0.2737114926831716,0.07500000000352972,0.5762885065576743,0.07500000075562398
0.08536445298971024,0.5580488711304872,0.15970656740993,0.19688010846987053
0.22719294561743247,0.07500015245344367,0.6227783777826617,0.075028524146462
0.22282764735195093,0.07500001288584947,0.6271694577924778,0.07500288196972071
0.22722122110755738,0.07500000000003401,0.622778778886046,0.07500000000636323
0.284988070685311,0.07533172457705029,0.5054429925332573,0.13423721220438084
0.22721654899367794,0.07500000000141038,0.6227834507411654,0.07500000026374726
0.13430357263347523,0.10384386596686139,0.31448796755907044,0.4473645938405939
0.22719548522252808,0.07500011626568896,0.6227826423687938,0.07502175614298802
0.7747698613233246,0.07500000000000012,0.07523013867658422,0.07500000000009138
0.08198515889439867,0.6106527311139117,0.13974658470389134,0.16761552528779647
0.7651075628361689,0.07500000114914357,0.08489178201547676,0.07500065399921142
0.7749706867817762,0.075,0.07502931321822241,0.07500000000000055
0.5435459299539415,0.07500000000018725,0.3064540700222147,0.07500000002365592
0.08100153398219874,0.6266656057392967,0.13361658553030048,0.15871627474820582
0.08139310102728711,0.6200492171146116,0.13615717681582096,0.16240050504228024
0.7749927990454993,0.075,0.07500720095449767,0.07500000000000312
0.21178776960769025,0.07500534806896862,0.6361925588021429,0.07701432352119733
0.22722130455013706,0.07500000000003401,0.6227786954434663,0.07500000000636332
0.08610562200085384,0.5754464415442146,0.15739172447114486,0.18105621198378696
0.7749995548696682,0.075,0.07500044513033191,0.07500000000000001
0.2154506557097997,0.07500000400019124,0.6345478305430016,0.07500150974700615
0.21029878821893955,0.07500000000000145,0.6397012117804759,0.07500000000058224
0.7749997857391258,0.075,0.0750002142608738,0.075
0.22720066049176213,0.07500000253023606,0.6227988632616286,0.07500047371637333
0.13429462937446116,0.10389319463058119,0.314473633807603,0.44733854218735436
0.7749997857391258,0.075,0.0750002142608738,0.075
0.1608738505599517,0.07742933746239877,0.39074917615676574,0.37094763582088275
0.7749997857391258,0.075,0.0750002142608738,0.075
0.21205381722152622,0.07500516950623086,0.6359930355218875,0.0769479777503565
0.07958575540772433,0.6590089542098637,0.12312369223181203,0.13828159815059854
0.07917360750957227,0.6582933148688207,0.12142108492629528,0.141111992695314
0.7308732340870573,0.07500000003546137,0.1191267471468491,0.07500001873063084
0.22284779839332175,0.07500000000001616,0.6271522016030492,0.07500000000361293
0.143594814098062,0.08860632443872964,0.34562682750303997,0.4221720339601678
0.23777258958548853,0.07500000000003028,0.6122274104086671,0.07500000000581357
0.7749113532713194,0.07500000000000068,0.07508864672823795,0.07500000000044205
0.21030375588904587,0.07500000290135357,0.639695084879196,0.0750011563304058
0.13471954712898668,0.08489610941209885,0.32864446115461354,0.45173988230430195
0.7658702586177668,0.07500000075874579,0.08412924464131198,0.07500049598217504
0.2102983044158177,0.07500000028716611,0.6397015807281139,0.07500011456890128
0.299027391766637,0.07500000004138395,0.5509725984033613,0.07500000978861895
0.12572163410971232,0.09444092724483949,0.32619260816447815,0.4536448304809694
0.2691355084271096,0.0750001576767993,0.5808310774506631,0.07503325644542762
0.7526946785930494,0.0750000000000018,0.09730532140602785,0.07500000000092041
0.7749010731669094,0.075,0.0750989268330876,0.0750000000000019
0.774990463182534,0.075,0.07500953681746675,0.07500000000000018
0.21029865212069615,0.07500000000000145,0.6397013478787196,0.07500000000058214
0.14015685047939022,0.0906399851781079,0.31710975168768346,0.452093412654819
0.7749997857279223,0.075,0.07500021427207694,0.075
0.18317926992683833,0.07657693890894304,0.463917011912526,0.2763267792516936
0.7734870431251404,0.0750000000000006,0.07651295687448363,0.07500000000037653
0.13802478288579922,0.10746155390690854,0.3188469868607884,0.43566667634650225
0.7725952842655076,0.07500000012909079,0.07740463493438822,0.07500008067101287
0.7749921304803592,0.075,0.07500786951964032,0.07500000000000014
0.21029945110028164,0.07500000000000145,0.6397005488991359,0.07500000000058243
0.7435625996098538,0.075,0.10643740039014693,0.075
0.7749924217491203,0.075,0.07500757825087996,0.07500000000000014
0.22257291733195605,0.07500054571348629,0.6273009150342461,0.07512562192031147
0.2272513921502592,0.07500000000259698,0.6227486073614487,0.07500000048569619
0.7749898648800749,0.075,0.07501013511992587,0.07500000000000018
0.2272200170964257,0.07500000000003398,0.6227799828971797,0.0750000000063595
0.08494823068459928,0.5840607065021656,0.1540736372188482,0.17691742559438764
0.7749705661132784,0.075,0.07502943388671975,0.07500000000000055
0.7749924522303112,0.075,0.07500754776968548,0.07500000000000338
0.7749267016712589,0.075,0.07507329832873981,0.07500000000000139
0.3018854678045462,0.07501011834404098,0.5223155418812009,0.10078887197021008
0.14450196496834017,0.0838275776058393,0.34718853899421265,0.42448191843160776
0.10343618175301213,0.36224009538268925,0.22793344794625045,0.3063902749180488
0.08308385118885786,0.6073495682784152,0.14452995735729957,0.16503662317542692
0.773261534112031,0.07500000000029951,0.07673846561023068,0.07500000027743753
0.07936585493536591,0.6548094916881786,0.12277063267648414,0.14305402069997303
0.7748014733891883,0.075,0.07519852661080885,0.0750000000000038
0.07924724363164404,0.6569548965636233,0.12193983483578763,0.14185802496894645
0.7749455802656358,0.075,0.07505441973436157,0.07500000000000157
0.07917352014004059,0.6582944128656203,0.1214206575911784,0.1411114094031609
0.7744572467753998,0.07500000000000175,0.07554275322346495,0.07500000000113347
0.14417859219677107,0.0841591016192455,0.32800774604843314,0.4436545601355519
0.10287830116524561,0.36776986807936174,0.22600657564261684,0.30334525511277477
0.2378285487542604,0.07500000000003025,0.6121714512399005,0.07500000000580927
0.38846403133873014,0.07500000000000122,0.46153596866078395,0.07500000000048573
0.7749992537920707,0.075,0.07500074620792938,0.07500000000000002
0.210311113144792,0.07500002077296787,0.6396805947369355,0.07500827134530579
0.07917351299794827,0.6582949311820858,0.12142052003813802,0.14111103578182582
0.08164583420625315,0.6154090370119467,0.13794589129501153,0.16499923748679063
0.7749997861071221,0.075,0.07500021389287885,0.075
0.7524055788476802,0.07500000000000184,0.09759442115137829,0.075000000000939
0.07917346671169544,0.6582950913511479,0.12142038189710735,0.14111106004005003
0.7744766694241215,0.07500000000000158,0.07552333057484348,0.07500000000103238
0.7749985717356535,0.075,0.07500142826434533,0.07500000000000001
0.22284777093794256,0.07500000000001616,0.6271522290584297,0.0750000000036129
0.7645276397996513,0.07500000000000054,0.0854723602000402,0.07500000000030875
0.08692164774159195,0.5357485296625114,0.16805795375542418,0.20927186884047194
