I,G,C,H
0.8949994241704702,0.03499999999999983,0.03500043338087533,0.03500014244865487
0.2464369251932952,0.035000000003732025,0.6627365678383652,0.055826506964608065
0.04876126939335022,0.0350000004707136,0.8537744446041435,0.06246428553179204
0.8949999957796031,0.03499999999999983,0.03500000327622427,0.03500000094417029
0.0352039458236976,0.756001656608295,0.04977624983838748,0.15901814772962003
0.05119245011298419,0.03500000000026434,0.6734322441730731,0.24037530571367902
0.07161131743671464,0.03499999999999983,0.7866727577848217,0.10671592477846453
0.03549289915088341,0.7893996502368749,0.05736980371150128,0.1177376469007421
0.06555261162915313,0.1650462840128228,0.43227684847287046,0.33712425588515277
0.03582668921356826,0.7749760676718344,0.0676637348588287,0.1215335082557695
0.035940841293996155,0.8202908704636277,0.05825751940593868,0.08551076883643881
0.8876965227049699,0.03500000000009173,0.04034735708898415,0.03695612020595301
0.03556749022350103,0.7833708686145356,0.06313423534239591,0.11792740581956926
0.035292668650414194,0.8149795869382463,0.046288885594977236,0.10343885881636339
0.035707522568537514,0.8149109421434342,0.057389178305166565,0.09199235698286218
0.03527185061769564,0.7885890350849484,0.05075968509998723,0.12537942919736914
0.03580549131313475,0.7759151001959596,0.06776126403450786,0.1205181444563994
0.10999465971559158,0.03713964087493282,0.3935401465381822,0.4593255528712939
0.8932593596900289,0.03500000001238087,0.036493990339138596,0.03524664995845168
0.046032614946903826,0.40490383489254533,0.15385620121831545,0.39520734894223514
0.035604154666748815,0.7806986619480291,0.06403478901870484,0.11966239436651786
0.8949979403135782,0.03500000000142807,0.03500140637812588,0.035000653306867614
0.0755264980985513,0.03500153213233609,0.6886564930597773,0.20081547670933636
0.04978328929543436,0.03500000000000009,0.8172471612016656,0.09796954950289932
0.03944936187787715,0.035004217156841204,0.3310290445912988,0.594517376373982
0.8742777637469157,0.03500000052817952,0.049585888696338405,0.04113634702856649
0.6016726512222639,0.03499999999999983,0.3027566935314882,0.06057065524624833
0.03523773222064466,0.7981801517283438,0.04896704400964925,0.11761507204136401
0.03548719521009552,0.8026466266211463,0.058896512811872026,0.10296966535688806
0.0366532069947099,0.7686934487817857,0.07889423354891649,0.1157591106745863
0.036649514842826594,0.44083067011643634,0.13503864219773165,0.3874811728430048
0.03530425600276928,0.8155677435861102,0.04650300253978973,0.1026249978713319
0.34964958560035814,0.03500000000001979,0.5397223653392291,0.07562804906039393
0.6473542248518548,0.035000755879858174,0.14979818377749637,0.16784683549079069
0.4428670079779814,0.03905069231715669,0.34993504746288107,0.1681472522419808
0.38664659373889515,0.04575947191882109,0.41191782994870973,0.1556761043935746
0.03563648427623822,0.832497147869959,0.04305967021882093,0.08880669763498121
0.03629335384253948,0.7685721030848535,0.0638851350176407,0.13124940805496604
0.05935522724193501,0.03503402548801247,0.6720766288284804,0.23353411844157135
0.22136074320401433,0.03500000001698448,0.6851976551010482,0.0584416016779529
0.12322363941501281,0.03518949671928692,0.542818292830922,0.2987685710347782
0.03759515650142193,0.5521878717325415,0.10007026521198512,0.3101467065540524
0.045461115894223726,0.03500000005693663,0.8453024007582142,0.07423648329062599
0.035130619191595394,0.7832554914094496,0.046294260795796856,0.13531962860315747
0.03582535482780301,0.8134591940622489,0.05324632133970678,0.09746912977024193
0.03550639659968383,0.8069609624666665,0.05364600911142377,0.10388663182222457
0.8806695644237162,0.03500000006908901,0.04389878501461688,0.04043165049257716
0.48830564474209903,0.03501960057653428,0.19244021257236188,0.2842345421090053
0.8912981252173304,0.03500000000000269,0.03756831659338427,0.03613355818928287
0.8949976234323329,0.035000000001053015,0.03500160497257283,0.03500077159404155
0.03739586420813566,0.579379380082831,0.0904843460909016,0.29274040961813097
0.894128774939676,0.035000000000050206,0.03579565609803408,0.035075568962239075
0.035769765962367535,0.805858384277948,0.05577085150646736,0.10260099825321745
0.07218838850296128,0.035000028781086254,0.5557867026806063,0.33702488003534675
0.03533738881239591,0.632768871872673,0.06506824379685071,0.266825495518081
0.047523063981074726,0.1930113748389483,0.2396822276762012,0.5197833335037747
0.8941780160333404,0.03500000000006474,0.035750525667909726,0.03507145829868395
0.035698108124950355,0.7919622913572719,0.06001756790104978,0.11232203261672896
0.05405057441066065,0.035177697702688616,0.39607488467133595,0.514696843215314
0.03506446776829313,0.8042789503588545,0.04259512081360591,0.11806146105924542
0.38401719970865644,0.045165329121486145,0.4157409291384469,0.1550765420314109
0.03638751376987924,0.13365374859595314,0.13511956664588917,0.6948391709882776
0.03669895559579251,0.7984311237598755,0.0651494745066438,0.09972044613768934
0.03520634613842963,0.7454313923027138,0.04810555377195309,0.17125670778690433
0.03533207028807793,0.656714222126027,0.06399728817690109,0.24395641940899399
0.035270245818156146,0.7552614391891084,0.06819468991613382,0.1412736250766006
0.8949779043280166,0.03499999999999983,0.0350181413337655,0.035003954338218596
0.035309909824023336,0.7651777762959803,0.06395312299423815,0.1355591908857584
0.050972816845826927,0.2020094219523476,0.28487665654237737,0.462141104659447
0.8949999951054164,0.03499999999999983,0.03500000382262091,0.03500000107196235
0.0507855387639007,0.1780605209407037,0.23970362642904422,0.5314503138663514
0.06430638286782701,0.03500741402373406,0.7337155291987988,0.1669706739096398
0.035425244293969975,0.5458262912104951,0.09371125704178154,0.32503720745375425
0.39869757766448755,0.0350000000000177,0.49094207636755677,0.0753603459679377
0.8761454877554269,0.03500002304600718,0.048857890235013635,0.039996598963551906
0.8644095202968548,0.03499999999999984,0.06488521497609047,0.035705264727053675
0.6613943612451616,0.0359392757204941,0.20000199912773675,0.10266436390660748
0.054641467319734856,0.03542537858412132,0.573444640989638,0.3364885131065069
0.06705828297544413,0.03500871950255443,0.7140789427080192,0.1838540548139823
0.03587662604313775,0.7641144504679483,0.07209866119789173,0.12791026229102204
0.0351002504559145,0.8219344473749666,0.047947633016069975,0.09501766915304906
0.25489997668528475,0.0350000002000736,0.5609257235882984,0.1491742995263435
0.035210712373291514,0.798043644754064,0.04914032910818708,0.11760531376445893
0.8755875160431401,0.03500002183455079,0.049175663075208244,0.040236799047102145
0.03542648938222255,0.683345195599774,0.08152730501011739,0.1997010100078861
0.03559660717719079,0.7799257835381898,0.06502596524518986,0.11945164403942826
0.06767182603340113,0.03500162017117915,0.4589190628886173,0.4384074909068028
0.04431459728961694,0.2743230804464516,0.19076480770444873,0.4905975145594842
0.05365483648241747,0.03500000016051797,0.4486718806804229,0.46267328267664204
0.03573885368043812,0.7616087582263299,0.06581271477320433,0.13683967332002825
0.8949973698069785,0.03500000000014504,0.035001896353172975,0.03500073383970388
0.039846560764686074,0.03500576766087063,0.3205352184412085,0.6046124531332344
0.055773761802586884,0.03501405499089951,0.5685349642770084,0.3406772189295052
0.03528347595869793,0.7563526402960246,0.0684712706398414,0.13989261310543433
0.13895067983163684,0.03745735362005031,0.3924053452916679,0.43118662125664536
0.891967223071018,0.035007315066602436,0.03668403413381268,0.036341427728567174
0.06444371916820735,0.0350529344231498,0.4200779999208284,0.4804253464878147
0.07014632450739973,0.03499999999999983,0.7876300499176888,0.10722362557491132
0.06375605241354872,0.03505795638470353,0.4178197900379155,0.48336620116383283
0.03628422308080486,0.7698782921913334,0.06340561278899749,0.13043187193886407
0.03936540297548829,0.16962771831713053,0.1851849573027646,0.6058219214046162
0.05852212247825415,0.03542322320256794,0.5621205717355631,0.34393408258361485
0.0729244173664175,0.035000033763513835,0.5325730089433904,0.35950253992667924
0.035426643304596064,0.6825967000458029,0.0821650809427681,0.19981157570683242
0.8922204815139653,0.035000000082545724,0.03737416663009841,0.03540535177339036
0.03516149688382219,0.8066550321598803,0.05287054617950278,0.10531292477679491
0.0670769978277581,0.035000000008060014,0.6723248036823068,0.22559819848187546
0.8917127544011944,0.035007170771530545,0.036837349604279306,0.036442725222997345
0.03563970624376094,0.8136146576819375,0.05277012291073252,0.09797551316356896
0.20772892389416964,0.0350000001690114,0.6044926469104437,0.15277842902637379
0.8906959432530082,0.03500000000003836,0.03816574552060876,0.03613831122634413
0.07647646302749078,0.03500140264004118,0.6742600313481083,0.2142621029843603
0.03655420425982115,0.40873769646916003,0.1363088218734281,0.41839927739759103
0.8949972550562851,0.0350000000001499,0.03500196083430854,0.03500078410925694
0.6005160428098886,0.03499999999999983,0.30316083561667917,0.06132312157343224
0.045873675117816724,0.4134139443201205,0.16101705274023986,0.37969532782182264
0.03515262765407807,0.8076798491013437,0.05235580144791765,0.10481172179666105
0.03665360017217654,0.7690889010787777,0.07862240227122437,0.11563509647782233
0.04722068342173017,0.03500000022659905,0.8375084038272833,0.0802709125243867
0.08729227939372493,0.03500000024973235,0.7361584610756469,0.14154925928089498
0.03548273097491803,0.7868471858062008,0.06107652688212416,0.11659355633675617
0.8949734461559795,0.03499999999999983,0.0350218114854968,0.035004742358524375
0.03643198784675277,0.04693626327816642,0.17733144900721587,0.739300299867865
0.03562964713419675,0.726525671811652,0.060459277408486084,0.17738540364566463
0.04039763091976588,0.03799832279659444,0.4581926697797507,0.46341137650388836
0.8949996178515126,0.03499999999999983,0.035000303603896096,0.0350000785445913
0.06135551302510522,0.036026551803476616,0.38022579494968406,0.5223921402217342
0.036636881771140196,0.7974911331225658,0.06414344154722368,0.10172854355907086
0.035481163813746726,0.7872374925141689,0.06097237894180165,0.11630896473028227
0.0523691141896986,0.03499999999999983,0.8155708403615162,0.09706004544878512
0.06791544474042158,0.03500177370769955,0.46944876580447903,0.4276340157473998
0.08632921174074482,0.03500000025103207,0.7353748750591868,0.14329591294903696
0.5849498481488199,0.03500086739815348,0.17428465078912964,0.2057646336638977
0.43457782276838886,0.039217530762233055,0.3535126137483897,0.1726920327209886
0.04009514321495384,0.03791860622378437,0.4391603598837786,0.4828258906774834
0.8661103648588316,0.03499999999999983,0.06319811266265193,0.0356915224785172
0.03532891935404752,0.8116176802302193,0.04822156001477527,0.10483184040095832
0.8741134228293072,0.03500000067921891,0.04982936501521675,0.04105721147625784
0.03522256589750653,0.7975241495925429,0.049298498427574874,0.11795478608237607
0.053574537217820205,0.03500000014676596,0.4331350704738287,0.4782903921615857
0.036449157852453055,0.5226045013874902,0.10591636654785826,0.3350299742121986
0.12166808247352844,0.03518479157671837,0.5462933388490936,0.2968537871006609
0.03560924324534911,0.8344879637959364,0.042678609542656766,0.08722418341605737
0.03721143027116766,0.5915619143119559,0.0849691133310706,0.2862575420858057
0.05056119502343145,0.20042201978115876,0.28442931598511395,0.46458746921029453
0.8939579431162902,0.03499999999999983,0.03597414639228667,0.03506791049142337
0.05026953684228917,0.17093150290942122,0.22384495129514503,0.5549540089531444
0.03560336119158637,0.7794555928036916,0.06515313320191432,0.11978791280280744
0.052422238074906286,0.03499999999999983,0.8156032772334528,0.09697448469164255
0.03520342785864583,0.7573627906719742,0.04995156253417032,0.15748221893521022
0.03643577295153527,0.13079478749803708,0.13602341307699695,0.6967460264734298
0.053480017352171186,0.0350000000000003,0.8088910952786373,0.10262888736919037
0.06942287760427568,0.03499999999999983,0.7863931397726953,0.10918398262302877
0.5928426540997085,0.03679545436498639,0.24316308610940135,0.12719880542590334
0.0359026187720947,0.7652385047002144,0.07157057307100381,0.12728830345668685
0.035101216942703885,0.8235576608459116,0.047954364425014474,0.09338675778637184
0.890042255679305,0.03500000000000512,0.03845445313924982,0.03650329118143858
0.03519652253176028,0.7471443336438948,0.04767306101289096,0.16998608281145508
0.8897670273657962,0.03500001445842733,0.03831552188622003,0.03691743628955685
0.05353360296063983,0.035187445196051555,0.3957823766445059,0.5154965751988025
0.035679144362935636,0.772513740651195,0.06378136804759231,0.12802574693827837
0.0547292510179131,0.03501377275466628,0.5753210845596621,0.33493589166775894
0.03541001132654878,0.5469030475842631,0.09296739039734984,0.324719550691839
0.0605431482543366,0.0359073241217151,0.38241842401908055,0.521131103604867
0.8822627469948676,0.035000000023754335,0.042949263586648107,0.03978798939473104
0.05805278625677505,0.0353806721731644,0.5620172203574377,0.3445493212126244
0.051611257288954646,0.03500000000019212,0.6717037433648944,0.24168499934595958
0.03545455012567845,0.790825902697975,0.05663313818769874,0.11708640898864738
0.04627700197394852,0.18720819968594415,0.2274068874224169,0.5391079109176902
0.073619736242426,0.03499999999999983,0.7706960536546289,0.12068421010294546
0.05187497763041797,0.03500000045817849,0.8490653298205751,0.06405969209082826
0.044516127108979675,0.2742470828110789,0.19066315530078837,0.4905736347791544
0.03581199898411762,0.8146855980715547,0.05320859187432447,0.09629381107000229
0.035328779156774556,0.8122227968043328,0.04817266878647797,0.10427575525241449
0.035537730956572915,0.8063325553752296,0.054031443965392986,0.10409826970280495
0.035683728580608316,0.8161060765058037,0.05719698010196399,0.09101321481162496
0.060063200752558346,0.03502801118558348,0.6710101498428761,0.2338986382189818
0.03775883624487274,0.5345266529034799,0.10474684234188354,0.32296766850976266
0.06806759018305869,0.03500000000702023,0.6701851189918119,0.2267472908181099
0.06671069775330851,0.035070053071192896,0.3580606902163829,0.540158558959115
0.03941868949079483,0.17278870286733172,0.18510110026663248,0.6026915073752414
0.8937021004384207,0.03500000000586744,0.03598673661195555,0.035311162943756004
0.8897952477727035,0.035000015276603694,0.03834977259816818,0.036854964352524076
0.8932499018508261,0.0350000000048895,0.03631841422061721,0.03543168392366782
0.03551484958132562,0.8024057653418619,0.05934344505315978,0.10273594002365267
0.0652231932228074,0.03505664331007041,0.35633990399093174,0.5433802594761913
0.035624273906603235,0.7266706120902116,0.059847956015114986,0.17785715798806861
0.07018154676296584,0.03500000000001204,0.7654863186611532,0.12933213457587012
0.03506352008896527,0.8017808172456189,0.04255426895604021,0.1206013937093757
0.054790000301026716,0.03544486880734983,0.5717536117775246,0.3380115191140986
0.035688597279152676,0.7911871499589612,0.06054131016814161,0.11258294259374645
0.0657480396692626,0.1692287589632966,0.4235073980082522,0.34151580335918913
0.03593607520828138,0.8210424842231663,0.057843325575906365,0.08517811499264567
0.8931235736527542,0.03499999999999983,0.03673162010316535,0.03514480624408018
0.48209139232274334,0.0350179239350797,0.192132897371688,0.29075778637048816
0.03647387576008816,0.5459104089212135,0.1038726991621246,0.31374301615657496
0.036364169629624195,0.046480618037203984,0.17728651249832947,0.7398686998348417
0.0351331666116389,0.7812505850822173,0.046585615278705216,0.13703063302743956
0.07067255389989932,0.035000000000008906,0.7658235534705969,0.12850389262949483
0.03531438774795808,0.7649373561834545,0.06445378057432688,0.1352944754942606
