I,G,C,H
0.7008533476061197,0.07500000323384214,0.14914659387905366,0.07500005528098443
0.33383352165966584,0.07500001929478374,0.5161662399480303,0.07500021909751936
0.11328212721004183,0.07500000440450348,0.7367178290286538,0.07500003935680133
0.6375797686589177,0.0750000194790151,0.21241987884188646,0.07500033302018061
0.07524181329986805,0.7212814652199002,0.08474071982305804,0.11873600165717231
0.12428423195448526,0.07500003623630831,0.725715509158797,0.0750002226504093
0.26481593401092973,0.07511186629741677,0.5840326408580633,0.07603955883359004
0.07527695998902242,0.7162367536527752,0.08565317296872393,0.12283311338947782
0.12784055335410693,0.07502261515673574,0.721988654488957,0.0751481770002004
0.07524975042626378,0.7201312040062998,0.08494870564575911,0.11967033992167803
0.07537690095382324,0.7027986817015232,0.0880842314684544,0.13374018587619863
0.4875748184208923,0.07515278094913536,0.36025590832584453,0.07701649230412752
0.07716944080054955,0.557601892199393,0.11460362842739925,0.25062503857265794
0.07524542767605534,0.7207578543885257,0.08483540457266309,0.1191613133627552
0.07526468459134486,0.717968432254229,0.08533995211274163,0.1214269310416837
0.0752418080024848,0.7212820071845192,0.08474059063824557,0.11873559417475149
0.07524987348250696,0.7201136553612604,0.08495188475402597,0.11968458640220729
0.753893066620764,0.07500050155130883,0.09609847555477272,0.07500795627315468
0.7727193470467316,0.07500000004555413,0.07728065201993237,0.07500000088778226
0.077434370522005,0.4707685025791977,0.12036635255155487,0.33143077434724155
0.07714456018736349,0.5590824189078448,0.1143293861530181,0.249443634751774
0.7741990728417774,0.07500000003153942,0.07580092659027735,0.07500000053640522
0.12864503451208442,0.0750000282691618,0.721354753503382,0.07500018371537154
0.11328207525244322,0.07500000440440237,0.7367178809870856,0.07500003935606835
0.11328180497156207,0.07500000440379487,0.7367181512729946,0.07500003935164827
0.7744515666968111,0.07500000001189434,0.07554843308872906,0.07500000020256573
0.7746086775924889,0.07500000000493426,0.0753913223158767,0.07500000008669985
0.07517356055783105,0.7325229842131828,0.08310785375899457,0.10919560146999112
0.07524181097179172,0.721281609735359,0.08474064163776973,0.11873593765507894
0.07971045475647812,0.30002133694528205,0.16783063634772988,0.4524375719505111
0.08951585831144905,0.14047828903675214,0.2915684936783393,0.4784373589734601
0.07524544542486442,0.7207551036487438,0.08483587083225892,0.11916358009413268
0.7302418762960872,0.07500000341428113,0.1197580677821582,0.07500005250747381
0.5789478570291932,0.07501214456570096,0.2708289822143741,0.07521101619073159
0.7658736150428278,0.07500001918402414,0.0841253094022218,0.07500105637092702
0.7636520764350971,0.07500000000078605,0.08634792351620324,0.075000000047913
0.07524182097381353,0.7212805584241303,0.08474083259326742,0.11873678800878872
0.07524182097381353,0.7212805584241303,0.08474083259326738,0.11873678800878856
0.12428313628910498,0.07500003622476183,0.7257166048944437,0.07500022259168936
0.3057742257491551,0.07500003645740709,0.5442253641528177,0.07500037364062115
0.6470566446344572,0.07500001508351492,0.2029431262800167,0.07500021400201104
0.07699097153141016,0.5264543939967785,0.11310038302013721,0.28345425145167435
0.1226712504451411,0.07500002853090891,0.727328538335875,0.07500018268807518
0.07556241320566849,0.6800689477445592,0.09220153690898111,0.15216710214079202
0.0752418149413062,0.7212811980416353,0.08474071206685656,0.11873627495020175
0.07524653451876111,0.7205977077843663,0.0848643330161267,0.11929142468074677
0.4583416148199133,0.07500034261027923,0.39165331073453213,0.07500473183527487
0.35982259336542616,0.07527146349878923,0.48675267063296357,0.07815327250282164
0.7274655695646454,0.07500000259455322,0.12253438348782195,0.07500004435297966
0.7741944791627863,0.07500000003186306,0.07580552026345111,0.07500000054189951
0.0781269878239075,0.157030817654715,0.19549562794174669,0.5693465665796295
0.7572188782390197,0.07500001168751834,0.09278092188693252,0.07500018818652979
0.07561167142470472,0.6742855713079565,0.09325058057893246,0.1568521766884058
0.11756826000268913,0.07570592583169374,0.7246675489803542,0.08205826518526321
0.07647054541565124,0.5842707210588349,0.10976701953633482,0.22949171398917978
0.07787844372141377,0.49761151244353446,0.1278570498270256,0.29665299400802747
0.7575616815472699,0.07500001125175026,0.09243812587291173,0.07500018132806772
0.07524180978244106,0.7212818636865851,0.08474064550247258,0.11873568102850049
0.15409469158256267,0.07500002715938162,0.695905093137057,0.07500018812099875
0.07524181164500705,0.7212815928286287,0.08474063562661424,0.11873595989975025
0.7636261951177654,0.0750000000007537,0.08637380483512513,0.07500000004635639
0.0755097309913757,0.6860951365265969,0.09110944641931717,0.1472856860627104
0.07711935065180475,0.5636008716006033,0.11535985810925775,0.24391991963833293
0.07532131846171825,0.7101962115197046,0.08674568523671172,0.12773678478186556
0.07636056113238218,0.6058562793997483,0.10732661165557221,0.21045654781229628
0.07531591678713884,0.7109183730448487,0.08661510957766058,0.12715060059035244
0.5395306289894949,0.07500166007886264,0.31044506839914027,0.07502264253250206
0.07533854953532362,0.70898834455373,0.08764503120423534,0.1280280747067103
0.08897002451868397,0.14256655032432883,0.2836669708628949,0.4847964542940913
0.6744016066969404,0.07500004926690082,0.1755976328184612,0.0750007112176975
0.08325765024429456,0.2065615457326095,0.184081498202257,0.5260993058208383
0.12542299350078295,0.0750000284189351,0.7245767948735978,0.07500018320668408
0.07532006780861847,0.7118132597113822,0.0871022351964881,0.12576443728351058
0.7637773810157072,0.07500000000098302,0.08622261892617955,0.07500000005712996
0.7736638888400847,0.07500000004792788,0.0763361102988721,0.07500000081311554
0.774299584012496,0.07500000002471326,0.07570041554227243,0.07500000042051809
0.7722272656317294,0.0750000013587704,0.07777270978283166,0.07500002322666843
0.12267179617014867,0.07500003824891306,0.7273279206740533,0.07500024490688538
0.1271887524633732,0.07500003617897186,0.7228109875983364,0.07500022375931858
0.0752418108508766,0.7212816937053662,0.0847406219623246,0.11873587348143246
0.07526002678373357,0.7186425408451854,0.08521798787712193,0.12087944449395835
0.7397512995518705,0.07500000000000484,0.11024870044709015,0.07500000000103492
0.07524181421890176,0.7212813118026922,0.08474071532591032,0.11873615865249505
0.7736921767078709,0.07500000004661138,0.07630782245463774,0.07500000079087929
0.07525819100520825,0.7200212073460355,0.08552103250471882,0.11919956914403627
0.07533188548159651,0.7086419057038712,0.08702713099740794,0.12899907781712344
0.12428354437978656,0.07500003622814153,0.7257161967831403,0.07500022260893227
0.0833331034566865,0.0901358063431063,0.2557134828407977,0.5708176073594105
0.1133474593714092,0.07570726326260371,0.7268432795655874,0.08410199780039986
0.07540713178604608,0.6990058907000303,0.0887706316479585,0.13681634586596536
0.774197441255753,0.07500000002337245,0.07580255832336902,0.07500000039750537
0.12428410321876712,0.07500003623441258,0.7257156379060651,0.07500022264075475
0.1267600454682922,0.07503665140968988,0.7229771912677105,0.07522611185430694
0.0753153526942176,0.7109936958990992,0.08660142310674067,0.12708952829994175
0.7561383267750953,0.07500034702153352,0.09385539183623265,0.07500593436713796
0.7686557329773562,0.07500000183307826,0.08134423470151887,0.07500003048804621
0.1287289237973292,0.0750000282621446,0.7212708642286746,0.07500018371185126
0.2641365099947366,0.07509458298233734,0.5848922955406778,0.07587661148224761
0.12874707656811948,0.0750000282724656,0.7212527113853044,0.07500018377411044
0.07524182187976224,0.7212803730000604,0.08474084269275439,0.118736962427422
0.0836059559110024,0.1888312623100991,0.2033564104563726,0.524206371322525
0.12428386476385395,0.07500003623191025,0.7257158763762053,0.07500022262803067
0.12563901489507057,0.0781350573125545,0.703150461563014,0.09307546622936058
0.07525733940534861,0.720139558518308,0.08549820602302056,0.11910489605332199
0.7720913854003599,0.07500000012360478,0.0779086123926258,0.07500000208340896
0.07524181668382361,0.721281117718337,0.08474077780419477,0.11873628779364467
0.1282009371620746,0.07500004976430033,0.7217987045775254,0.07500030849609926
0.7686018169268732,0.07500000184686813,0.0813981505146446,0.07500003071161421
0.07552274108868107,0.6810097927638236,0.09090230647068358,0.15256515967681095
0.5928996592953198,0.07500002440040453,0.25709997830440795,0.07500033799986709
0.7052282704701822,0.07500000548772033,0.14477023287358248,0.0750014911685151
0.1306440192684549,0.07500003608011876,0.7193557197241035,0.07500022492732342
0.08875826569869223,0.08525984406952919,0.3988342091413942,0.42714768109038415
0.7742020997638664,0.0750000000231559,0.07579789981912566,0.07500000039385211
0.7746086653368028,0.07500000000493474,0.07539133457155567,0.07500000008670726
0.07802574633155446,0.475361029457845,0.13208814953582282,0.31452507467477875
0.0752418076790616,0.7212820921769425,0.08474059153618746,0.11873550860780743
0.07968617867110524,0.3014421943065984,0.1675153303354131,0.45135629668688343
0.12428335405648386,0.07500003622979345,0.7257163870962029,0.07500022261751993
0.1342033581484454,0.07500257680134584,0.7157778680089847,0.07501619704122436
0.07529363379046111,0.7137757268887525,0.08609859293627209,0.12483204638451531
0.5418994329032393,0.07500176594503713,0.3080747183299606,0.07502408282176345
0.08098367217585795,0.28130321049524204,0.16940291720444045,0.4683102001244599
0.07607604228155065,0.6238219940704931,0.10246668076976181,0.19763528287819526
0.12000170641534166,0.07534544009530611,0.7271053246076961,0.07754752888165545
0.669913197387028,0.07500001139573595,0.18008662700375935,0.0750001642134764
0.12175305072001756,0.10142357414003644,0.5742951874234793,0.20252818771646686
0.07678830034696607,0.5594028057157076,0.10864927393723081,0.2551596200000959
0.07529382842653522,0.7137471445584599,0.086103744088886,0.12485528292611887
0.12428259918918921,0.0750001137746573,0.7257165878796104,0.07500069915654284
0.12267075208121528,0.07500002852675682,0.727329036725871,0.07500018266615815
0.1342121732967631,0.07500264395638835,0.7157685638251428,0.07501661892170511
0.5407806412586427,0.07503492287278628,0.30872441703397757,0.07546001883459318
0.765862348297969,0.07500001842750664,0.08413664619381296,0.0750009870807116
0.1241199977944091,0.075571331542475,0.7218578905244567,0.07845078013865842
0.7742931495858688,0.07500000002534388,0.07570684995755828,0.07500000043122904
0.0752436657884118,0.7210132226672522,0.08478924971772368,0.11895386182661231
0.7744507352679895,0.07500000001193173,0.07554926451687792,0.07500000020320072
0.07524180918401856,0.7212818393581234,0.08474061913165298,0.11873573232620407
0.12412072771318158,0.0799219606928612,0.6933614286564088,0.1025958829375489
0.07609095145053639,0.6222172484179098,0.1027613360556569,0.1989304640758972
0.6439128147290266,0.07500001560555503,0.2060869486585941,0.07500022100682355
0.07524180918401856,0.7212818393581234,0.08474061913165298,0.11873573232620407
0.0781531303713917,0.40210291344326593,0.1290123811651465,0.3907315750201956
0.08998564877418819,0.1386245235139321,0.29891853051196876,0.47247129719991043
0.7740234951254399,0.07500000002327856,0.0759765044280441,0.07500000042323712
0.0809890300349466,0.20983165983642305,0.15224088283900933,0.5569384272896207
0.07533057054410523,0.7088239048340856,0.08699415358391083,0.1288513710378979
0.12428263397995784,0.07500011924009066,0.7257165140365793,0.07500073274337199
0.07524181368239312,0.7212813545925861,0.08474069899969242,0.11873613272532876
0.07550881491147336,0.6862094718783563,0.09108876137568989,0.14719295183448064
0.12428320884320154,0.07500003622562548,0.7257165323350279,0.0750002225961455
0.12267183479691948,0.07500002853514326,0.7273279539575351,0.07500018271040203
0.7721930390788607,0.07500000142522764,0.07780693549074234,0.07500002400516954
0.07524181785325842,0.7212808739853058,0.08474078137625918,0.11873652678517549
0.0752599277036513,0.7186570778962246,0.08521536679178482,0.120867627608338
0.721593083418054,0.0750000055031184,0.1284068274929222,0.07500008358590513
0.07532006723065698,0.7103645133299485,0.08671518965972894,0.127600229779665
0.749054602438544,0.07500001472255134,0.10094514974611357,0.0750002330927906
0.15411583728030478,0.07500002715822514,0.6958839474381809,0.07500018812328936
0.07531649239134776,0.7122589692965176,0.08701644204589051,0.12540809626624327
0.12687921042475248,0.07503712425124759,0.7228545778452908,0.07522908747870907
0.07531966456133829,0.7118657131685749,0.08709213742959503,0.12572248484049087
0.12169252347508602,0.1016937895626963,0.57291619888165,0.20369748808056728
0.45601024412738633,0.07500033933198369,0.3939847267079546,0.07500468983267525
0.12428369067994097,0.0750000362314854,0.7257160504625151,0.07500022262605802
0.12428369067994088,0.0750000362314854,0.7257160504625151,0.07500022262605802
0.07527765791057589,0.7161392020541264,0.08567076037208621,0.12291237966321078
0.0772736040811413,0.4993460043757593,0.1166649788964491,0.3067154126466499
0.1242837159490175,0.07500003623108242,0.7257160251960153,0.07500022262388371
0.12428371594901759,0.07500003623108242,0.7257160251960164,0.07500022262388371
0.08383009614781498,0.08938059707435012,0.2637402424322732,0.5630490643455611
0.0752418178648731,0.7212808659053489,0.08474078121949953,0.11873653501027882
0.07524368397881617,0.7210107376374255,0.08478964853723192,0.11895592984652553
0.07524637348254333,0.7206209525396283,0.08486016327629853,0.11927251070152957
0.07526520228434032,0.7178929617368681,0.08535356740292359,0.12148826857586764
0.12428397615917486,0.07500003623472293,0.7257157649636671,0.0750002226424355
0.07749303170321185,0.4982923898862056,0.12601869950862454,0.298195878901958
0.12817610699468152,0.07500005300463435,0.7218235114288217,0.07500032857186249
0.09018155586546425,0.17152467338978938,0.23938895637202515,0.49890481437272177
0.08318255575375963,0.19519824761477417,0.19747908777184664,0.5241401088596191
0.7425413188282818,0.07500010867988652,0.10745688737719394,0.075001685114638
0.747315507687882,0.07500001411286664,0.10268425544283867,0.07500022275641276
0.742500369074499,0.07500010791647002,0.10749784960532324,0.07500167340370748
0.07524181656353766,0.7212809887602373,0.0847407654092173,0.11873642926700823
0.09022239487516363,0.17135759655755223,0.23964525490872118,0.49877475365856233
0.07607901017303523,0.6235138604188605,0.10252317440859203,0.19788395499951122
0.13196753898760383,0.07500003604489937,0.7180321995782845,0.07500022538921164
0.07524181727675366,0.7212809149372187,0.08474075844653647,0.11873650933949083
0.12267163460651864,0.07500003878233903,0.727328078286022,0.07500024832512038
0.07524181050882162,0.7212817421747242,0.08474064686513519,0.11873580045131762
0.12787347064322696,0.0750219358652049,0.7219609113897906,0.07514368210177802
0.07537309130419868,0.7032599715356429,0.08800092563887603,0.13336601152128122
0.7738489494565384,0.07500000003934902,0.07615104983600678,0.07500000066810589
0.361811558860928,0.0752324760967524,0.4852389079807191,0.07771705706160051
0.07597935035090264,0.6401754961080645,0.10080416650262256,0.1830409870384096
0.08103945286491594,0.2779009896264139,0.17006853854614284,0.47099101896252643
0.07556238980787106,0.6800686995448321,0.09220157792002734,0.1521673327272698
0.13199195718116055,0.07500003603189784,0.7180077814524248,0.07500022533451714
0.0753355762018694,0.7093727229004728,0.08757104469622685,0.12772065620143103
