I,G,C,H
0.06808622071283078,0.00026726942288201965,0.748940322258574,0.18270618760571652
0.9395828967752996,0.0011870365408012202,0.036375764760580735,0.022854301923312042
0.14304517536418657,0.0017929598554880335,0.3555638982083207,0.4995979665720111
0.24679293191707002,1.401258848268647e-19,0.6944822453185722,0.05872482276436936
0.9906366795147721,7.606674013432623e-08,0.008600237475327989,0.0007630069431616464
0.8626333079789654,5.978854089617603e-10,0.10442205021154095,0.03294464121160542
0.9999980853337005,3.2163711839934087e-19,1.285434718548245e-06,6.292315675633183e-07
0.8965974848165232,3.295636946766971e-09,0.07295021275728661,0.030452299130540962
2.438606704991884e-06,0.928530982403119,1.6511490667587312e-05,0.0714500674995037
0.14662758684562807,3.713033293639483e-15,0.7743750275904345,0.07899738556393243
0.025704052555106122,0.6257156201325825,0.13614426570262947,0.21243606160968875
0.990425834125695,1.5685092000237792e-06,0.00791262587458689,0.0016599714905091382
0.07503565699251268,0.14681485001291772,0.24783427633908903,0.5303152166554798
0.02191749208014028,0.8021290694796349,0.06688528467309263,0.10906815376713054
0.9997705453565213,3.2991014792425194e-28,0.00022704614390940212,2.4084995695809637e-06
0.9997739447479544,2.631524622528997e-11,0.0001631489944485405,6.290623128483481e-05
0.016156933512721947,0.8373117185401636,0.047181781212816645,0.09934956673430374
0.9986324435592454,1.5994250250978774e-10,0.0009861670387709828,0.0003813892420397796
0.9999876586490037,1.2195585337483308e-17,1.1594673687473277e-05,7.466773053510064e-07
0.999999843689819,6.782010621245315e-24,1.5238839314444071e-07,3.921783032280644e-09
0.02663425519835985,0.556603432816968,0.20061056615874293,0.2161517458259215
0.011895104244956054,0.886083085892215,0.04512055053943428,0.0569012593234036
0.8626987359781972,5.943622713173349e-10,0.10436000786216235,0.03294125556528839
0.29333583486841985,6.705241624333714e-06,0.475174030721292,0.23148342916866163
0.2869255972293959,4.981716217805486e-06,0.6065311226051068,0.1065382984492901
0.19442145145241826,4.84046649425079e-52,0.7998864404909248,0.00569210805664696
0.006209207504521961,0.11270199126516792,0.19972775108390772,0.6813610501463966
0.18170850846507663,0.09614162043609933,0.37023831343405383,0.3519115576647759
0.06806507249823614,0.00026715767911248973,0.7489041801151145,0.1827635897075278
0.8789297810742984,7.039319162564905e-09,0.0853072351822038,0.035762976704172326
0.07399899747322598,0.15660460830628628,0.25102534549833744,0.5183710487221589
0.09231683350525688,0.15904079548034533,0.43416972877606974,0.31447264223833493
0.9999998438969848,6.75709072985875e-24,1.5218828045814267e-07,3.914732354439946e-09
0.9997739913735162,2.6283304721496825e-11,0.00016312040374026908,6.288819645092868e-05
0.19439586057970543,5.0506834834074045e-52,0.7999141942518313,0.0056899451684738174
0.9999374434013324,1.307947873274093e-08,5.397409909502999e-05,8.569420093095815e-06
0.0019302570966302525,0.8850832632209509,0.025308000101272085,0.087678479581154
0.03705016466938209,0.6818244027221023,0.07859466109257468,0.20253077151593007
0.1826685991660764,3.7055231239266287e-06,0.6338116870791046,0.18351600823168268
0.05971020242431461,0.015948854069902096,0.4057594934112022,0.5185814500945796
0.10401218860744676,0.0031111592342966702,0.798580175136769,0.09429647702148433
0.03702349877187231,0.681869376307524,0.07863619478624859,0.20247093013436046
0.5039172367607788,1.3049771256844561e-06,0.4295011191336961,0.06658033912840787
0.0672017903532246,0.617488655527287,0.09190769359630922,0.22340186052317382
0.07696366496456898,0.1841020625409611,0.25071411634515095,0.4882201561493148
0.9320731929940448,1.2719869226892325e-06,0.05164940785977639,0.016276127159250028
0.11608325791456593,1.0677301196742946e-07,0.7731502867781496,0.11076634853426387
0.9510917335998315,2.2541488165262018e-13,0.03618170005627502,0.012726566343664595
0.006518964074401115,0.9066165141259583,0.009192024116244495,0.07767249768338391
0.999993396647315,1.4990439496889116e-22,6.0255780811379876e-06,5.777745942714114e-07
0.0009887471198934401,0.9119425548380263,0.022119449800636126,0.06494924824144571
0.7439627290064397,2.0120784811778428e-05,0.1956978298035692,0.060319320405168485
0.33140405411850904,8.861776212267639e-05,0.37238008459440664,0.2961272435249737
0.024660854123518212,0.6465857282859399,0.13060393719144744,0.19814948039908878
0.9999502199734644,6.543767925545811e-19,4.5215217624846326e-05,4.564808910819357e-06
0.3017719769301939,1.9011101161947373e-06,0.4821535247429136,0.21607259721677055
0.1899077604064214,0.0020063020491447843,0.5384777477959082,0.2696081897485149
0.3722369125009001,7.546912474266623e-10,0.567328879908375,0.06043420683604121
0.08370059825153292,0.005037977373951625,0.39147665632093476,0.5197847680535923
0.0009885245687815895,0.9119335727567311,0.022126495150997995,0.06495140752347817
0.14115885506775297,4.561968517674642e-07,0.2470527006394555,0.6117879880959459
0.991640372845145,7.757061645657585e-14,0.007978051946801804,0.0003815752079851474
0.001897642297982034,0.9628677169332581,0.0059153651978680385,0.02931927557088812
0.05254947587216899,0.010292483799864268,0.4004330576254697,0.5367249827024938
0.026748969286564395,0.7907670271087663,0.08847563594077704,0.09400836766388118
0.08236700066922333,0.39336068059012236,0.29254557477227905,0.23172674396837012
0.9997707137106989,3.2968079073607963e-28,0.00022687929570336192,2.4069935971494483e-06
0.07459184755516413,0.0031708121499661518,0.4619457600578964,0.4602915802369639
0.13071652699093625,0.15551578097778912,0.37013070874991105,0.3436369832813626
0.9999876631821536,1.2218784945839198e-17,1.1591853196607275e-05,7.449646511346926e-07
0.005623731877486518,0.10621029480313766,0.18720559617615326,0.700960377143211
0.0066261626743248205,0.29246281459687834,0.3163636715978181,0.3845473511309548
0.07567755902926634,0.3936837800642558,0.29042112331437603,0.24021753759211245
0.026746367639707305,0.7907696157695286,0.08847437804626909,0.09400963854449984
0.02700994497820453,5.769093023390627e-06,0.3036423300256092,0.6693419559031749
0.0008640705620357301,0.8919941489425831,0.012340548600739455,0.09480123189464329
0.01787097716162836,0.8907010066000477,0.03989447538401536,0.05153354085430004
0.18175042859097904,0.0958857146013797,0.3703690281812666,0.3519948286263638
0.9999626779986194,4.782569203500153e-18,3.493314211658127e-05,2.3888592715842718e-06
0.07670189804369781,0.1678711139976857,0.2497592661091293,0.5056677218495013
0.37195043990744847,7.607808263772933e-10,0.5674712962090511,0.06057826312273117
0.9395991838329838,0.0011858213732129194,0.03636680704888606,0.022848187744921325
0.9999373601297998,1.311737731577441e-08,5.404374665331124e-05,8.583006165097843e-06
0.9999996523007191,4.1173371831533094e-16,2.590598113182621e-07,8.863947319683698e-08
0.04829300181250339,0.13300888826304302,0.3391885286891775,0.4795095812352717
0.001931238098412179,0.8850854908263994,0.025315448027561003,0.08766782304763111
0.027045991499820354,5.766347330785638e-06,0.3040697155598674,0.6688785265929853
0.028946037723594324,0.005325934676919911,0.24173664249143012,0.723991385108066
0.0571485870062875,0.6878048193738,0.15245448888478427,0.10259210473512727
0.0008643225689049692,0.8919879680541744,0.012342892363221175,0.09480481701370577
0.9904244478380014,1.568041740972714e-06,0.007913783917121104,0.00166020020312418
0.14106439526900497,4.576938057292808e-07,0.24698939872932976,0.611945748307851
0.1792107788466755,0.23322843309627253,0.43867020593174744,0.14889058212531364
0.9999999993631832,5.035836651206457e-20,5.009110571139794e-10,1.3590337893547005e-10
2.3540447071900584e-06,0.9288315407700564,1.602407984772993e-05,0.07115008110538906
0.0009267246863492163,0.9168110969879094,0.012376977818159007,0.06988520050758677
0.01785665951711438,0.8907540663069059,0.03986887783550191,0.0515203963404659
0.9999999939986424,1.761347349384842e-22,5.063292178358395e-09,9.380743147169695e-10
0.06991982815734582,0.5960193724169358,0.09546642621516883,0.23859437321054286
0.9999999940241366,1.698652286816219e-22,5.044386167361108e-09,9.314770196780645e-10
0.002730765462446225,0.07857997406276383,0.2751582678722144,0.6435309926025795
0.008160634147485826,0.3089844929780113,0.30529112284482096,0.3775637500296786
0.9153794611357643,1.1843191222208683e-05,0.0693258840278131,0.01528281164518682
0.18272512688370846,3.7206887591668255e-06,0.6336473914043385,0.18362376102318875
0.05325454615757793,0.7108818860165612,0.13881354596399112,0.09705002186188005
0.11616547089663125,1.0729021947733276e-07,0.7730249993714835,0.11080942244166803
0.001226628467754866,0.9179482518010971,0.0055792014666378505,0.07524591826449621
0.06274885244187214,9.087694278432102e-05,0.33247005683192854,0.6046902137834189
0.0028848867355828612,0.9146333754046339,0.025723290118768782,0.05675844774102619
0.24676664397550602,1.4294872522861225e-19,0.6945536379026775,0.058679718121812705
0.04259685251054886,0.49910954368654536,0.20084026632975036,0.25745333747316174
0.7437731616239824,2.019093848487473e-05,0.19584331025603088,0.06036333718149317
0.0503128811100087,0.5970743368177902,0.15175641555378702,0.2008563665184062
0.9438483589775845,4.0662113561142417e-13,0.045857632171409965,0.01029400885058915
0.0012284240748404553,0.917925903649926,0.005586271270475271,0.07525940100476528
0.0029112971550520695,0.9026336758977899,0.021644297707046095,0.0728107292401256
0.00436134398452455,0.8833930605816656,0.032183254076629315,0.08006234135719183
0.17896922662192385,0.1256615055641294,0.3139965882307727,0.3813726795831697
0.9999999523412282,6.462541035158566e-31,4.2078705138565065e-08,5.580055348481645e-09
0.0627071836909517,9.084349393112146e-05,0.33239930030333464,0.6048026725117931
0.0042836413380658986,0.9085528736077978,0.02234406998144784,0.0648194150726965
0.1868183647092441,0.00630574072308389,0.49048736688550487,0.3163885276821774
0.5263437282476988,8.201891410099887e-07,0.4151384628495637,0.05851698871360463
0.6200978602633954,0.00017386927174412227,0.31047777472398197,0.06925049574087591
0.9999980982982669,3.168646138433313e-19,1.2768774978589187e-06,6.248242215507669e-07
0.183101340517777,0.07854351335463221,0.37857825692756336,0.3597768892000396
0.005573517262514336,0.8878964261669359,0.035818746533300305,0.07071131003725485
0.14311518707630536,0.001784873746741602,0.3556944732853419,0.4994054658915998
0.1395723197878887,0.0007067945111893299,0.4768221226605146,0.38289876304040604
0.13242876236022416,1.758242913265774e-15,0.7922255317092078,0.07534570593056875
0.011890345744230186,0.8860968811288851,0.04511334198452726,0.056899431142366085
0.33145787019201856,8.828721415358579e-05,0.3723537256120958,0.29610011698174027
0.6838520942400144,3.1741954986784163e-28,0.29675737051063317,0.019390535249343456
0.9395595048032737,1.895736445082895e-19,0.0518578499659364,0.008582645230793053
0.08269056185569142,0.0030585581272548914,0.3916897107073781,0.5225611693097028
0.016070677764525386,0.8270799008349097,0.07076013069680262,0.0860892907037621
0.0025078942353513422,0.07476159359567497,0.2612451801464853,0.661485332022492
0.9999497593527827,1.0083219109429673e-17,4.739454918861634e-05,2.8460980390829096e-06
0.6839340780430893,3.1360749528686345e-28,0.29668811846586435,0.019377803491045655
0.08468762509278367,0.156232697256783,0.4328978465699848,0.326181831080462
0.006517966920485981,0.9065439965198248,0.009220065250155405,0.07771797130952929
0.02903680712981951,0.005326633945629857,0.24215613892327353,0.7234804200012738
0.9969980556521811,2.0007972218469216e-15,0.002626135327037754,0.00037580902078874963
0.9320657880505974,1.271324160833759e-06,0.05165538565591034,0.01627755496933937
0.002871949126456499,0.9147064834585896,0.025639069983099824,0.05678249743185222
0.6221133329542082,0.001936127199111825,0.21625481674393218,0.1596957231027377
0.07367197287758984,0.0031681145205210604,0.4467544085694545,0.4764055040324264
0.9906273696106656,7.628423269809895e-08,0.008608271109989827,0.0007642829951080366
0.993253221411467,4.7620034553978866e-27,0.006633588427405443,0.00011319016113669644
0.9510429660251632,2.245786681136445e-13,0.03622578514972323,0.012731248824881072
0.0025811434754262237,0.9280965701223943,0.007791666491559058,0.061530619910628775
0.1899201871037115,0.002011336219840962,0.5384052963188353,0.2696631803576103
0.01752815939504988,0.8227185248838331,0.05080969583323604,0.10894361988788075
0.9932571019379451,4.730201919845398e-27,0.0066298419146227005,0.00011305614743983296
0.9999996514430659,4.1327798402448933e-16,2.5966390300852756e-07,8.889302458482815e-08
0.9999999993582946,5.0717834902782304e-20,5.048796177277044e-10,1.3683820992016526e-10
0.0068721211657536115,0.9101874376807739,0.022726913863457335,0.060213527290015584
0.01908003371694423,0.3794247096814553,0.21052804992339993,0.3909672066781929
0.1911638139722962,0.2332029465595859,0.426935220898373,0.14869801856975423
0.991639462065192,7.75715514751201e-14,0.007978942329912999,0.00038159560483048125
0.0018978018260562104,0.9628771016913987,0.005909895385775974,0.029315201096762354
0.9999934500135268,1.4639355053513478e-22,5.97867493602301e-06,5.713115237496297e-07
0.9999022851248923,3.272211469984928e-14,8.463714588032195e-05,1.307772920823269e-05
0.00688114595962764,0.9102158961195652,0.022709698362184685,0.060193259558634624
0.9986350437293244,1.6105187129500988e-10,0.0009846354942887312,0.00038032061532870527
0.9999503042802257,6.523559948553021e-19,4.51360244763537e-05,4.559695291778678e-06
0.12164657671860561,0.1529804104451109,0.3802631652721404,0.34510984756413093
0.002570665235300201,0.9281749729619959,0.007758747046026435,0.06149561475668508
0.005568870420625209,0.8879500349702222,0.035816727584514325,0.07066436702463395
0.999901828876006,3.3085069420658164e-14,8.502968374479403e-05,1.3141440207116424e-05
0.1790346045036914,0.12523993609357878,0.3141708246907414,0.3815546347120019
0.004279854146404674,0.9085868536327882,0.022329423805119583,0.06480386841568883
0.1735307489041986,0.006226177892983161,0.4901710320790411,0.33007204112377353
0.0005133341921161412,0.9559025266898141,0.008219612331606199,0.03536452678645387
0.3017555207761022,1.9012112834104881e-06,0.482164516680115,0.21607806133249055
0.002911756849727866,0.9026336464993193,0.021638779263917513,0.07281581738703835
0.9999627056664623,4.753973743584082e-18,3.4909535225827275e-05,2.384798316731537e-06
0.955346310057248,9.888724406917702e-14,0.03672929243646804,0.007924397506203412
0.048268203274832784,0.13316757060365444,0.33907561475985054,0.4794886113616558
0.0009258268006581028,0.9168198985544003,0.012374029668708975,0.06988024497624643
0.019083365072789134,0.37955544077190384,0.21050349058850418,0.39085770356679067
0.9969995296491801,1.998901133276481e-15,0.00262478672074171,0.00037568363007378934
0.6222894218598943,0.0019302452432418884,0.21610901786668946,0.15967131503018603
0.0005140715434403322,0.9559007258019324,0.008226243917041076,0.03535895873759502
0.026180215097564966,0.5579966680500269,0.19312696374153815,0.22269615311086027
0.016062991549231007,0.8271151678714644,0.07074175611944522,0.08608008445987242
0.9999999520529184,6.592106633554982e-31,4.232277580164452e-08,5.624303275397963e-09
0.04597952756147766,0.5987681662649801,0.14873063915222545,0.20652166702130312
0.18324083277785672,0.07852083308974048,0.3783990527779343,0.35983928135447674
0.004362445294295821,0.8833845888565073,0.03219296716686935,0.08005999868234155
0.2933484551639506,6.701402209234738e-06,0.4751003307984663,0.23154451263536638
0.9999496225883155,1.0211498842681194e-17,4.7523171434778434e-05,2.8542402628709157e-06
0.04332836289197968,0.4744795223720805,0.20752094166122362,0.2746711730747059
0.021960564278255913,0.8018980620493512,0.0669868285762289,0.1091545450961603
0.9394740950331764,1.9283851576451361e-19,0.051930054740224614,0.008595850226601327
0.10411086834997618,0.0031071635475849175,0.7985326145617306,0.09424935354070559
0.9154192164230892,1.183058386920942e-05,0.06929401521140882,0.015274937781644213
0.1404259116296567,0.000667652436069188,0.490800368053994,0.3681060678802774
0.6202055981913892,0.00017380731191340239,0.31042321624650554,0.06919737825020439
0.2867446676015519,4.989476510617522e-06,0.606714060562833,0.10653628235910464
