I,G,C,H
0.03728988070654043,0.035000906033688155,0.6794311096709332,0.2482781035888138
0.825633989555508,0.035055278563926776,0.06259911712019835,0.07671161476034763
0.039875249506228005,0.03501192043144453,0.17163263648695176,0.7534801935753772
0.05735385413638902,0.035,0.8214534705873334,0.08619267527626283
0.8920820972467716,0.035000000018950664,0.03772376635660466,0.03519413637765707
0.6513535092576207,0.03500000000001051,0.19690910101714257,0.11673738972523534
0.8949999900162449,0.035,0.03500000500596323,0.03500000497780825
0.6871110787844108,0.03500000000022978,0.15216852295179745,0.1257203982635821
0.03500000067624736,0.8049529477050312,0.03500005493044627,0.12504699668827302
0.043528343920183815,0.035,0.8184191155925445,0.10305254048728237
0.03608269669597718,0.35250142086320724,0.11443317142637524,0.4969827110144248
0.8907195207510813,0.03500000201549283,0.03838270352031012,0.035897773713129674
0.03728866521219549,0.05099572665798756,0.11407557438091565,0.7976400337488805
0.03622862987868858,0.6664136069814159,0.06741265525509522,0.22994510788478562
0.8949854342547605,0.035,0.03501452636474628,0.035000039380494945
0.8949855434509866,0.035000000000000094,0.03500851794600072,0.035005938603016484
0.035706820459102895,0.6577828732226626,0.05744694850097209,0.2490633578172852
0.8947639441788351,0.03500000000000142,0.0351395706336159,0.035096485187558035
0.8949998450767979,0.035,0.0350001484442371,0.03500000647895238
0.8949999998106182,0.035,0.03500000018739554,0.03500000000199076
0.03620120308362576,0.2840622280912253,0.17761424560059275,0.5021223232245604
0.03550165755227154,0.8102379610431094,0.05111213842748603,0.10314824297714183
0.6514841027410955,0.03500000000001042,0.19678091529726421,0.11673498196162972
0.06288422305479621,0.03500000399580413,0.4616469195629295,0.44046885338645747
0.06550632762260648,0.03500000300883592,0.7261026657816596,0.17339100358690537
0.048354634805832,0.035,0.8804388398755003,0.03620652531867667
0.03503001582310591,0.04032497119621653,0.07506653368020617,0.8495784793004715
0.047413639450182815,0.04463984718971529,0.2505938690024826,0.6573526443576373
0.037288649364041554,0.035000905358018114,0.6793439166280545,0.2483665286498654
0.679868261870034,0.035000000000476025,0.1559202815747268,0.1292114565547804
0.03676730162350252,0.049058489876981026,0.11785885263011167,0.796315355869423
0.039319804702143996,0.055330534035995776,0.3328568813078543,0.572492779954003
0.8949999998110093,0.035,0.03500000018701738,0.03500000000198526
0.8949855479133121,0.035000000000000094,0.035008515900921584,0.03500593618576836
0.04835134837455913,0.035,0.8804429077076252,0.03620574391783886
0.8949985715402096,0.035000000001256804,0.03500123996342229,0.035000188495115464
0.03502978739820181,0.7721953325817473,0.040880444164764426,0.15189443585530651
0.03696379664937341,0.406085763293215,0.07023491418369215,0.4867155258737421
0.04728584501338294,0.03500000146982503,0.628130977162377,0.2895831763544024
0.03630212483878797,0.035351086693368644,0.19432054649949876,0.734026241968369
0.03977984975837908,0.0350432684017877,0.8071248716189222,0.11805201022091517
0.03696209571702024,0.40619895919421967,0.07026900637959126,0.48656993870916065
0.15637475644782983,0.035000000382442435,0.6696362858619256,0.13898895730782324
0.04030319964805742,0.3455231834364091,0.07608805079913111,0.5380855661163947
0.037045525459842896,0.050608347237986614,0.12194870234879031,0.7903974249533872
0.8057427317326514,0.03500000149109686,0.09436570131563056,0.06489156546063392
0.04070495826006095,0.035000000005733486,0.7801511478187221,0.14414389391546825
0.8374984645979766,0.035,0.07101280840552639,0.05648872699649732
0.0351895520770213,0.7931242452360845,0.03628176007224065,0.1354044426146565
0.8949999414855697,0.035,0.03500005414893202,0.03500000436548252
0.03501056317390615,0.8099272206809411,0.040163008935197156,0.11489920720996527
0.4161039081513721,0.03500006611751994,0.3576640937349248,0.19123193199620447
0.06577377446087365,0.03500018610906824,0.30945872277808084,0.5897673166519561
0.036095443248575755,0.3527186576797766,0.11466118972223535,0.49652470934939574
0.8949986860638602,0.035,0.03500120846284539,0.035000105473273216
0.06522573467487541,0.03500000060351559,0.48677911337541513,0.41299515134620796
0.046918710660214545,0.035021464262039885,0.4618234556829342,0.45623636939479684
0.08832646348116246,0.035000000000004944,0.7727945324139963,0.10387900410485537
0.03739280964085833,0.03506392147066431,0.1905925712290528,0.7369506976594077
0.03501055964966866,0.8099178418507078,0.04016572857998009,0.11490586991963016
0.03884554508947792,0.035000000026310006,0.09834533725839333,0.8278091176258311
0.8913865835483661,0.035,0.038516468235879245,0.03509694821574732
0.03502784481961627,0.8722518983596533,0.035630584411309195,0.05708967240944117
0.03625458120379304,0.03533436261793746,0.19320256076048928,0.7352084954177999
0.03682105532947406,0.7069607996596671,0.07889228383342042,0.17732586117745183
0.040337935672378526,0.1509994872317416,0.27194704140403436,0.5367155356918607
0.8949854507146647,0.035,0.0350145099425733,0.03500003934276042
0.03694941123736506,0.035031610803429494,0.24632156949299086,0.6816974084662063
0.04196769426273364,0.05322284530791125,0.2758308155143665,0.6289786449149792
0.8949998451541834,0.035,0.03500014838969838,0.03500000645610908
0.03502177296125154,0.03957628761040885,0.07153101950834273,0.8538709199200023
0.035095804470677804,0.08645160492699447,0.20852362326883586,0.6699289673334898
0.039985807324643685,0.14916710260200797,0.2706741794300865,0.5401729106432652
0.03682075449857808,0.7069601010528229,0.07889104970464172,0.17732809474394545
0.03526321777021844,0.03500000117349445,0.11029432390544883,0.8194424571508623
0.03500833546367328,0.7508299233161955,0.037204565686889596,0.1769571755332527
0.03594104212531692,0.8227882618176128,0.04810119006119022,0.09316950599589063
0.04741220710803523,0.04459659803831992,0.2506300749937558,0.6573611198598875
0.8949991489852555,0.035,0.03500081212369254,0.03500003889106402
0.03758101912155508,0.0522515934230474,0.11792858105687704,0.7922388063985442
0.08823603413661935,0.035000000000005006,0.7726719352791065,0.10409203058426568
0.825651193363554,0.03505519351084954,0.06259227753628557,0.07670133558930356
0.8949985685041417,0.03500000000126253,0.035001242528513436,0.03500018896607908
0.8949999993965594,0.035,0.035000000369931825,0.035000000233507696
0.036131417352438897,0.04583634493090141,0.17645317964363508,0.7415790580730351
0.03502981130011802,0.7722121528050134,0.040883180447045725,0.15187485544783544
0.035263972976619325,0.03500000117373347,0.11051500611519993,0.8192210197344669
0.03526696430839697,0.03503979040009382,0.08364723435543886,0.8460460109360894
0.041105836303671685,0.6068648751791043,0.1442749167947898,0.2077543717224578
0.035008339221680375,0.7508220368262928,0.037205187104443115,0.1769644368475788
0.890718496108061,0.03500000201456961,0.03838352267405001,0.03589797920330461
0.03884032194495022,0.035000000026433616,0.09829967037456637,0.8278600076540478
0.05789325191190752,0.09771366988081674,0.5425273678677798,0.3018657103394822
0.8949999999999512,0.035,0.03500000000002741,0.035000000000010995
0.035000000640095674,0.8055173503030596,0.03500005243534822,0.12448259662151535
0.03500951258457818,0.8099538061660977,0.03697435829646931,0.11806232295284534
0.03593983891445865,0.8228245742835624,0.04808829022399012,0.09314729657796592
0.8949999999987779,0.035,0.035000000000987554,0.035000000000219654
0.04031262442302203,0.3455927092194807,0.07613704751207447,0.5379576188454304
0.8949999999987779,0.035,0.03500000000098192,0.03500000000021729
0.035008167400171944,0.03795413319296899,0.10394869134147129,0.8230890080654011
0.03508628515763351,0.08519554454077265,0.2066747665467512,0.6730434037548635
0.7739818681418438,0.03500004552708304,0.12905459694360777,0.061963489387483
0.047291547365172215,0.03500000147902694,0.6278978836313003,0.2898105675245119
0.0402079249821286,0.6258199707303185,0.13612437483230314,0.19784772945527143
0.040711945233552774,0.03500000000577713,0.7800647964471481,0.14422325831353283
0.035014531147287774,0.8030692629942922,0.03556909163450379,0.12634711422389341
0.03599017785240009,0.035000070864242505,0.13771227153590757,0.7912974797474279
0.03505517668346505,0.8247640739231414,0.041353109922174336,0.09882763947121076
0.05734854702945481,0.035,0.8215233077630555,0.08612814520750307
0.03683147167672185,0.18995981949792887,0.1625232120647217,0.6106854967606493
0.4157851635112695,0.035000066429933474,0.35788224986054074,0.19133252019827743
0.038679041669215486,0.35723758323597843,0.12802965376496356,0.4760537213298367
0.8277436272639268,0.035,0.08676961512669304,0.05048675760936608
0.03501456391992278,0.8030430358687924,0.03557019818302119,0.12637220202827276
0.03505596024677732,0.8017665934468831,0.03964171919795625,0.12353572710839522
0.035103994822709185,0.773440801917307,0.044341615281289826,0.14711358797868712
0.044610655253122654,0.04948695434210351,0.19795145251301888,0.7079509378917603
0.8949999999798592,0.035,0.035000000017739764,0.0350000000023961
0.03598891757664747,0.035000070804101995,0.13765570958637505,0.7913553020328535
0.03510065467256287,0.8090325214461689,0.04023162028335256,0.1156352035979367
0.04608810467541719,0.035130749577441424,0.36284729123890025,0.5559338545082628
0.15594135438779372,0.03500000037195565,0.6701470486048823,0.13891159663536104
0.25431371215109755,0.03500123096612712,0.531692707952604,0.17899234893017585
0.8949999901206639,0.035,0.03500000495493297,0.03500000492442124
0.04576425958662127,0.04084520507422551,0.2694866742031621,0.6439038611359793
0.035153158503292294,0.7903963916700022,0.04611552369883012,0.12833492612788758
0.039880816883213134,0.035011843311956684,0.17176326943139825,0.7533440703734168
0.04108636082668771,0.035003353097008715,0.3181781789224979,0.6057321071538281
0.04285796756724279,0.035,0.8219590623135278,0.10018297011921849
0.03550134257815539,0.8102489081757932,0.05110757065736571,0.10314217858866473
0.06578470897101625,0.035000185060997335,0.30946099427311996,0.5897541116948447
0.3301484333966388,0.035,0.5763148135113264,0.058536753092031005
0.820913285518377,0.035,0.09740236391269738,0.04668435056892134
0.03747210801181572,0.03506744347583897,0.19175276412737274,0.7357076843849749
0.03581856756310488,0.7423910064737526,0.0653701729127341,0.15642025305038681
0.03500568553349674,0.03748263144236059,0.09920810064133104,0.8283035823828101
0.8949986496340234,0.035,0.035001299430467855,0.03500005093551914
0.33025860884542235,0.035,0.5762236035674422,0.05851778758715738
0.039074352280769546,0.05446744453711372,0.33234564009548767,0.5741125630866423
0.035189506387114884,0.7930283814613563,0.036287786089675395,0.1354943260618623
0.03526849470269448,0.035039835118650005,0.08381898886972786,0.8458726813089308
0.894273593668013,0.035,0.035632039233246406,0.0350943670987216
0.8057258269150347,0.035000001489969436,0.0943777141736551,0.06489645742136144
0.03505479009657939,0.8247559205527003,0.041321007717994025,0.09886828163271258
0.22244309278818125,0.03504367224853095,0.2700934494871694,0.4724197854761222
0.03676017147546991,0.035026396962252515,0.24311389500631958,0.6850995365559613
0.8920775453615671,0.03500000001903587,0.03772780908150579,0.035194645537902344
0.8923396382875582,0.035,0.037645455728067725,0.03501490598436443
0.8374170842627906,0.035,0.07108119646778889,0.056501719269441225
0.035045580219610795,0.824511752252694,0.03597324413434864,0.10446942339333923
0.046919024972536666,0.03502154677021418,0.4617119719829417,0.4563474562743134
0.035813488235941104,0.6519984546679939,0.059027225971036344,0.25316083112502724
0.8923419555239351,0.035,0.03764316553809825,0.035014878937967245
0.8949999993940663,0.035,0.03500000037138428,0.03500000023456812
0.8949999999999512,0.035,0.03500000000002775,0.03500000000001111
0.035209731186995476,0.8196942891869422,0.04033142635705856,0.10476455326900064
0.03537839981386912,0.1087511869946304,0.12794525644215285,0.7279251567493683
0.059422042385133364,0.10010392363578513,0.5368813870623147,0.3035926469167628
0.8913858774864647,0.035,0.03851716278752076,0.03509695972600602
0.03502784832112756,0.8722570290799891,0.035629692985718824,0.057085429613185926
0.8949999422116636,0.035,0.035000053498137965,0.035000004290195764
0.8949962912416849,0.035,0.0350031749465337,0.03500053381176163
0.035210151860347476,0.8197346076033265,0.04032532883352857,0.10472991170281419
0.8947646867015072,0.03500000000000143,0.03513924086035649,0.03509607243813363
0.894998689481087,0.035,0.03500120522559851,0.03500010529329985
0.041850501916183294,0.053051303127932416,0.27512323506503406,0.6299749598908645
0.03504529344105285,0.824579072200298,0.03596692400704441,0.10440871035158054
0.03515296803121692,0.7904980781528073,0.04611386455547584,0.12823508926049537
0.8949962644387021,0.035,0.03500319772566453,0.03500053783561077
0.044611136121014014,0.049409152078274274,0.19799467264310183,0.7079850391576269
0.03510051772218022,0.8090689779001267,0.040226156279494385,0.11560434809818308
0.04532458407561499,0.035111822737213395,0.36140701525416313,0.5581565779329863
0.03500373812777034,0.862484101903066,0.036106835257398724,0.0664053247117657
0.06522211597571703,0.03500000060355701,0.4867796121053597,0.4129982713153612
0.035055973507408626,0.8017592272644068,0.03963987796746435,0.12354492126070227
0.8949991499600771,0.035,0.035000811252242636,0.03500003878769134
0.8337618840963047,0.035,0.08256422291276123,0.048673892990953684
0.03613064121397561,0.04585731159086393,0.1763953186548736,0.7416167285402799
0.03500949841116713,0.8099648675232807,0.036973602698904144,0.11805203136666545
0.03537864585454705,0.10881643090893703,0.1279583606577009,0.7278465625788211
0.8942741295859626,0.035,0.03563154981454589,0.035094320599482594
0.22257661408842933,0.03504348109894056,0.26992053407286853,0.47245937073976413
0.03500374640340335,0.8624918794252188,0.03610815287625013,0.06639622129513145
0.036102537327797474,0.2845406390058515,0.17567731910859644,0.5036795045577381
0.03581796590812289,0.7424258672795007,0.06535763436968053,0.15639853244268748
0.8949999999796637,0.035,0.035000000017901184,0.035000000002426986
0.038571128176500026,0.3582788042332531,0.12700519950168504,0.47614486808858275
0.04577709417379623,0.04084266789541635,0.269310500631846,0.644069737298942
0.03510403788779272,0.773444849115548,0.04434568301406925,0.14710542998256976
0.06288372685549881,0.035000003991658424,0.4615142468182582,0.4406020223345983
0.8949986439503294,0.035,0.035001304888434864,0.03500005116122874
0.03663962375989943,0.18724090184916864,0.15977211946468398,0.6163473549262386
0.03623221069959947,0.6660857886849145,0.0674909566676426,0.23019104394785334
0.8207581391983488,0.035,0.09753087573968275,0.04671098506197531
0.03978746385287405,0.035043189221563124,0.8071683411927759,0.11800100573279079
0.774065124707841,0.03500004545339038,0.12899179704748961,0.06194303279127436
0.041410083353504566,0.035003694030571846,0.3195576378401994,0.6040285847757306
0.25443486242963537,0.035001230758897335,0.5317010128280552,0.17886289398340052
0.06546699022128515,0.035000003014804784,0.726192264254057,0.17334074250987552
