I,G,C,H
0.045480720049716865,0.03500005632445643,0.8233997542849089,0.0961194693409145
0.8932445739290167,0.03500043167129345,0.03619443746991178,0.035560556929796344
0.09124164609486053,0.03500276467950263,0.30365288518140787,0.5701027040442442
0.154393567614191,0.035,0.7675000300686979,0.043106402317101736
0.8949380272123445,0.03500000000000621,0.03506126874844805,0.03500070403919886
0.87836615354789,0.035,0.04980002837734681,0.03683381807475425
0.8949999999894408,0.035,0.0350000000082575,0.03500000000229833
0.8874893214320293,0.03500000000000001,0.041344632803177184,0.036166045764803915
0.03500000009867461,0.8759434417245943,0.03500000125599721,0.05405655692071451
0.07575580397359044,0.035,0.8418238149257256,0.047420381100682064
0.04272967733105097,0.4084899076609092,0.17175634605604015,0.37702406895197776
0.8949030201891578,0.03500000000174695,0.035091810510356716,0.03500516929873052
0.059814730610694825,0.04377377514431786,0.17919112400902362,0.7172203702359623
0.042110953705155496,0.7862778533806632,0.06455332486542109,0.1070578680487422
0.8949998735835949,0.035,0.03500012638837883,0.03500000002801685
0.8949999217553013,0.035,0.03500006622772803,0.035000012016952894
0.03864425629805157,0.7995395451598443,0.053666318021567586,0.10814988052055313
0.8949977040040686,0.035,0.03500194677837607,0.03500034921757725
0.8949999995000986,0.035,0.03500000049674035,0.03500000000316321
0.8949999999998534,0.035,0.035000000000155865,0.035000000000000184
0.04477306473261022,0.40661278260292955,0.2630578083241828,0.28555634434026955
0.03707411978505574,0.8667301426644315,0.04502810396293023,0.05116763358758346
0.8783840244549307,0.035,0.04978259816710987,0.03683337737795251
0.26185021484763316,0.03500000010570299,0.5304349656210507,0.17271481942559916
0.21635024465136599,0.035000000048073486,0.6858461081716113,0.06280364712893041
0.09878829119260879,0.035,0.8311218554498928,0.035089853357517346
0.03516356204588247,0.03972252901215934,0.11133021272536697,0.813783696216614
0.1750505647378915,0.04041445394275687,0.39983212493958414,0.3847028563797544
0.04547536492326312,0.03500005630446293,0.8233643592995612,0.09616021947270445
0.8831466866992483,0.0350000000000001,0.044805913710620836,0.03704739959014684
0.05124374518105773,0.042045819682254605,0.19000430411522215,0.7167061310214463
0.06976715637580702,0.04584712586930391,0.5710831359202453,0.31330258183463977
0.8949999999998534,0.035,0.035000000000155455,0.03500000000000018
0.8949999218064842,0.035,0.035000066186872854,0.035000012006659066
0.09876983132247069,0.035,0.8311403810256558,0.03508978765185413
0.8949999937956682,0.03500000000000024,0.035000006043576254,0.03500000016075508
0.03507107159352956,0.8607556856833115,0.037963054327064386,0.06621018839611009
0.051952612586328065,0.5085993319803918,0.08210888338681034,0.3573391720464642
0.11411412466807806,0.03500000003342418,0.7395506232728677,0.11133525202565336
0.046600871342456524,0.0351422248740001,0.36172103866754646,0.5565358651159864
0.055907015599689525,0.035004347944800555,0.8578786807978084,0.051209955657709354
0.05193165718164157,0.508776197488785,0.08216076366061158,0.35713138166895747
0.5336345499062117,0.03500000000672502,0.38356449543868437,0.04780095464838108
0.08786092020914346,0.5256636083010582,0.0875431644615192,0.2989323070282937
0.05793318048452327,0.05158505297703779,0.21283381795489673,0.6776479485835633
0.8912906826872006,0.03500000000130564,0.03830496614947525,0.03540435116202942
0.06172225489821975,0.035000000000027405,0.8449229741743102,0.058354770927422854
0.8930183577783459,0.035,0.03672290503449008,0.03525873718716234
0.03565347732249894,0.8677976688600764,0.035471617281898876,0.061077236535508034
0.8949999998512909,0.035,0.035000000146743156,0.03500000000196143
0.03501954008620976,0.87274600991192,0.037545018763573544,0.054689431238274556
0.8269654801877028,0.035000000471830044,0.09564752771809937,0.04238699162237544
0.3384581661709377,0.03500000815238869,0.36721397813725154,0.25932784753943494
0.043675845628587846,0.5312971253814937,0.1479894928017692,0.27703753618816074
0.894999993643977,0.035,0.03500000626386858,0.03500000009216963
0.2716895129590831,0.03500000001016217,0.5383828750963376,0.1549276119344362
0.13205191682101064,0.03500383402744393,0.6242615339024519,0.2086827152490693
0.32415937971135067,0.035,0.5966929556146895,0.044147664673953486
0.05322979088829485,0.03500636488592923,0.335099514000015,0.5766643302257457
0.03501953029625668,0.8727428883561089,0.037546511571163246,0.054691069776465796
0.08362406009107765,0.03500000000072133,0.157689113688666,0.7236868262195499
0.8949032081658912,0.035,0.03509643953036824,0.035000352303758635
0.03505981002647228,0.8909982045969231,0.03518163657312212,0.03876034880348091
0.04575688169834803,0.035116385713547645,0.35222126298568823,0.566905469602421
0.04579296533580579,0.8057321839958438,0.07106796860273346,0.07740688206560563
0.0848126578315813,0.15700325713281382,0.4491679860642236,0.3090160989713687
0.8949998737880823,0.035,0.03500012618395091,0.03500000002797401
0.051421842640925246,0.03500608003591032,0.4503925860622704,0.4631794912608771
0.108570524465757,0.04937147241938101,0.4486120585473628,0.3934459445674763
0.8949999995005385,0.035,0.03500000049629344,0.03500000000314796
0.03504730130945268,0.03652290090311618,0.08652671122706683,0.8419030865603734
0.03545381644600319,0.0849127241144578,0.38277004407616466,0.49686341536336914
0.07508475813073043,0.1322008751399032,0.46303072684921726,0.3296836398801294
0.045791467737983975,0.8057365117071195,0.07106528563645172,0.07740673491843156
0.03703883558918041,0.03500000005647441,0.18922958965870063,0.7387315746956592
0.03501554210403171,0.8501936552264896,0.0360245187474385,0.07876628392202514
0.03938129649248609,0.8698902799061934,0.042620533822722226,0.04810788977858505
0.1750195251075094,0.04038452273972322,0.39989653878723486,0.38469941336553476
0.8949999961008563,0.035,0.035000003871590885,0.035000000027576667
0.06730930894007378,0.0550038328909631,0.20269912262195056,0.6749877355469903
0.3237474227188606,0.035,0.5970607331150443,0.04419184416607612
0.8932448303093959,0.03500043098358643,0.036194255875187625,0.035560482831837076
0.894999993779145,0.03500000000000024,0.035000006059576386,0.035000000161266136
0.8949999999996089,0.035,0.035000000000345276,0.03500000000005675
0.04542570387161523,0.044404923223583484,0.3295381603076916,0.5806312125971328
0.03507113822671393,0.8607603294147078,0.037964877569072575,0.06620365478951203
0.037045116617711454,0.035000000056469534,0.1897174769187538,0.7382374064070844
0.03713136137428122,0.035013496744431334,0.1297103756016521,0.7981447662796122
0.08398707805649738,0.6736078519933616,0.15153233107389796,0.0908727388762304
0.03501555007380476,0.8501904696197184,0.03602484223898347,0.0787691380674749
0.8949030144400592,0.035000000001744816,0.03509181634987745,0.03500516920830343
0.0835519532085428,0.03500000000072576,0.15760393722900673,0.7238441095617245
0.18691577081860974,0.0660103161277636,0.6365705096796198,0.1105034033739854
0.895,0.035,0.035,0.035
0.03500000009242536,0.8760859361312067,0.03500000118860714,0.05391406258777978
0.035017191262270674,0.8743667084700213,0.03576532318096785,0.05485077708673587
0.03937418201987606,0.8699128178416555,0.04261140566149707,0.04810159447699017
0.895,0.035,0.035000000000000274,0.03500000000000001
0.09893945504101591,0.4129764431623524,0.08982353482861877,0.3982605669680061
0.895,0.035,0.035000000000000274,0.03500000000000001
0.035033560552531685,0.037255987753113645,0.17557147874150938,0.752138972952846
0.0355021962163173,0.09063529487615006,0.3690973352440224,0.5047651736635218
0.888511768813512,0.035000000088180425,0.0411100648580673,0.03537816624024552
0.11417740255408247,0.035000000033707096,0.7393833825156095,0.11143921489659461
0.07418668388006656,0.718639836746617,0.126327295974671,0.08084618339866817
0.06176253081858693,0.035000000000027676,0.8448599693198464,0.0583774998615438
0.035028900372791605,0.8724698046260454,0.03516962609647591,0.05733166890469063
0.04330016032209683,0.03500000214143468,0.22896385406947856,0.6927359834670144
0.035142196039639674,0.877146159806959,0.038161962960020224,0.049549681193384015
0.15435881683529745,0.035,0.7675471309942744,0.043094052170418784
0.05268405939783945,0.2733825352219948,0.26463983911080174,0.40929356626937646
0.8268424932575293,0.035000000475403865,0.09575685752374616,0.04240064874332039
0.06901175433434426,0.5208997030162977,0.1602335268088571,0.24985501584050002
0.8921058332630156,0.035,0.03771725348369539,0.03517691325326587
0.03502898093912984,0.8724610157368766,0.035170036752348074,0.0573399665716571
0.035147770023561,0.87122303518078,0.03714862804418325,0.056480566751465865
0.035322211288355304,0.8580657394686069,0.0404506384496084,0.06616141079342609
0.14980998770586434,0.041141720751391594,0.3253416550638054,0.48370663647895845
0.895,0.035,0.035000000000007817,0.0350000000000002
0.04328663152774757,0.035000002137886954,0.22884325877695755,0.692870107557403
0.03529892089794987,0.8719236100721462,0.03759556917486882,0.055181899855028166
0.13315970084119177,0.03501511697598088,0.563211921554259,0.26861326062855145
0.5827238818606032,0.03500000000029459,0.33963747854316134,0.04263863959596362
0.7084226244226792,0.03500004001802723,0.20938694998035215,0.04719038557895249
0.8949999999895875,0.035,0.035000000008156326,0.03500000000226869
0.153184783298224,0.03841278166001437,0.41954474818915405,0.3888576868525969
0.03550532978060551,0.8635539333676706,0.04158332704682291,0.059357409804924224
0.09130071795903301,0.03500274144685799,0.3038780914567214,0.5698184491373955
0.09393540000933487,0.0350005554417471,0.5108960621286519,0.3601679824202543
0.06186987049338004,0.035,0.8607737806976501,0.042356348808997496
0.03707259448265332,0.8667379384366853,0.04502405229302639,0.05116541478765403
0.33855721360361957,0.03500000809069155,0.36716338515596614,0.2592793931497108
0.7520095029633335,0.035,0.17692781943798275,0.036062677598704504
0.891425678280858,0.035,0.038446982652944266,0.035127339066220044
0.058899791627656656,0.03501675605906178,0.3434660859394594,0.5626173663738039
0.03899470509694303,0.8350241752526286,0.05726649829332323,0.06871462135711828
0.035009534053511385,0.03578439513613219,0.143622713455362,0.7855833573550015
0.8949999931282855,0.035,0.03500000683349861,0.035000000038214525
0.7520940823531364,0.035,0.17684478178723592,0.03606113585962959
0.06268857511766845,0.0430359835542548,0.5707792845889808,0.323496156739094
0.03565334880245307,0.8677635845389147,0.03547435772726936,0.06110870893134057
0.03714594273738483,0.03501352305541189,0.13009756253564125,0.7977429716715757
0.8949875744705478,0.035,0.03501208531580908,0.035000340213666443
0.8912891508517508,0.035000000001305244,0.038306332500116634,0.03540451664682736
0.035140990757581064,0.8771541512227155,0.038142825291212656,0.04956203272850427
0.7466524594856749,0.035003284257712326,0.12741278362656425,0.09093147263006762
0.05085952238098707,0.035006115133391684,0.4276675564556214,0.486466806030015
0.8949378891234697,0.03500000000000625,0.03506140421031525,0.03500070666620291
0.89493173131723,0.035,0.035068232124299596,0.03500003655847883
0.8930142416768933,0.035,0.036726842061378655,0.03525891626170813
0.035112905875805664,0.8786537193464098,0.03532149500081474,0.05091187977698688
0.13207230176833434,0.035003852208527135,0.6241609499324635,0.20876289609068982
0.03941228728313273,0.7764328219774944,0.057591363398189405,0.12656352734117807
0.8949318233353607,0.035,0.03506814020509763,0.03500003645954587
0.8949999999996089,0.035,0.035000000000347115,0.0350000000000571
0.895,0.035,0.035,0.035
0.03571848325865361,0.875420619916028,0.03759593289973338,0.051264963925587485
0.038379989521451593,0.14837418989040996,0.22516431935131284,0.5880815012368091
0.2161805481379048,0.07371755801223971,0.5949474183466428,0.1151544755032077
0.8949032139140136,0.035,0.035096433890057024,0.035000352195946306
0.03505983010117366,0.8909986884260489,0.035181374659171004,0.038760106813588276
0.8949999998534907,0.035,0.035000000144602944,0.03500000000192045
0.8949999792324324,0.035,0.03500002011404787,0.03500000065354127
0.035720236597672525,0.8754319073810304,0.037592485665085884,0.05125537035620946
0.8949977115554648,0.035,0.03500194106213961,0.03500034738240531
0.8949999936665131,0.035,0.03500000624156167,0.03500000009194346
0.09300297700987148,0.043779693967266504,0.47040234603913067,0.39281498298371265
0.03511204439456429,0.8786742674063518,0.035318971936989484,0.050894716262094256
0.03550453588759881,0.8635917548849079,0.041581309151647206,0.059322400075841476
0.8949999790370377,0.035,0.03500002030289567,0.03500000066005202
0.14979709886240367,0.04110917798961115,0.3254101380668491,0.48368358508115056
0.03529839944951377,0.8719388280455067,0.03759194943340894,0.055170823071586925
0.11532476026745571,0.03501240412158002,0.5644788732147976,0.2851839623961667
0.03500531715411534,0.8885579142677409,0.03537498575368698,0.04106178282444282
0.27166489990509446,0.03500000001016483,0.5384010408979547,0.15493405918677625
0.03514783617470084,0.8712199653673497,0.03714770079110566,0.05648449766682035
0.8949999961036917,0.035,0.03500000386880735,0.03500000002750771
0.8927282108854057,0.035,0.03714495778874813,0.035126831325841754
0.04541842528600448,0.04442631795233058,0.32942671464520645,0.5807285421164421
0.03501716067857762,0.8743702390196467,0.03576497581988709,0.05484762448187722
0.03838253175847477,0.1484950717837582,0.22517880737689683,0.5879435890808865
0.8949875851254427,0.035,0.035012074833673336,0.03500034004089159
0.7468228256629057,0.03500326452252367,0.1272735464127999,0.09090036340178187
0.035005332720538386,0.88855911668996,0.03537557958609509,0.04105997100342484
0.04449481242218485,0.40960990931469576,0.24992499832668222,0.29597027993645403
0.03899099595964786,0.8350478661600194,0.05725478303379737,0.06870635484654891
0.895,0.035,0.0350000000000079,0.0350000000000002
0.06603199975177775,0.49810513807600354,0.1626670428248507,0.2731958193473609
0.15336935349805275,0.03841010666650002,0.41922870882674745,0.38899183100867846
0.03532239636775392,0.8580667729990799,0.040453017813991896,0.06615781281917023
0.2619367788368392,0.035000000105447356,0.530271785039625,0.17279143601807082
0.8949999930890306,0.035,0.035000006872519515,0.035000000038449816
0.04624620028225428,0.1374490893320138,0.2909913584092107,0.525313351976547
0.04213845799253692,0.7860113803943446,0.06465184275965669,0.10719831885345737
0.8914156612400842,0.035,0.03845660631626314,0.03512773244365592
0.0559489891274879,0.03500433849774595,0.8578490621310215,0.05119761024374361
0.8885180354486413,0.035000000087989085,0.041104205653934495,0.035377758809421046
0.0921122234711999,0.03500025969778101,0.536805175488082,0.336082341342937
0.7085169383368072,0.03500003999758994,0.20931052551328927,0.04717249615231568
0.21612970410896246,0.03500000004819441,0.6860728649956379,0.06279743084718796
