I,G,C,H
0.036860913691497986,0.8378123376764762,0.05140872207945428,0.07391802655257208
0.12775400389460204,0.03780004550107297,0.3393219925558184,0.49512395804850556
0.14440489463333434,0.03505216485160504,0.6598799046122997,0.16066303590276004
0.03585344982719169,0.8228746784225148,0.05057206818367877,0.09069980356661685
0.8921383046066986,0.03500000000006892,0.03757851966406747,0.03528317572916459
0.03601279253183507,0.8479185374388061,0.04635426036451634,0.06971440966484216
0.5786697779360803,0.05202262444152203,0.14967755288732715,0.21963004473506909
0.6020769042161715,0.07781453722994588,0.13944783370797276,0.18066072484590895
0.8949101802916581,0.03500000000407637,0.035066108833214565,0.03502371087105133
0.03587123075578509,0.8430082488826355,0.046214416268595515,0.07490610409298372
0.35672678735413293,0.14368285028173586,0.1773658076637845,0.32222455470034767
0.035384710816161055,0.8473413405457145,0.04181884464996302,0.0754551039881609
0.12502336755714405,0.04762287194991046,0.354539120975832,0.47281463951711394
0.03799459551133558,0.8233948664512788,0.054653818603560465,0.08395671943382578
0.03536420314234003,0.8340454370013347,0.04556621307360429,0.08502414678271941
0.1358820723831647,0.03500000056573085,0.672380128191799,0.1567377988593061
0.0922060877568401,0.06019452228236279,0.27693333211944504,0.570666057841352
0.05145914772983336,0.32576679308710976,0.09546361781692334,0.5273104413661344
0.08430458899614052,0.03713305464938455,0.6319544915056011,0.2466078648488743
0.13351163665214097,0.5580986756166453,0.12356278311941185,0.18482690461180176
0.1500935797667591,0.6276694627543512,0.08669785978917664,0.1355390976897113
0.042320551877285305,0.5476343919204156,0.11566682667556773,0.294378229526731
0.0374446939443446,0.832562196391963,0.05074543502197258,0.07924767464172153
0.042528243462175486,0.5138225007808708,0.12097148523176102,0.32267777052519425
0.03856058384656892,0.7720150074370021,0.060689052344913376,0.12873535637151615
0.0974724768513482,0.03500063145368652,0.5246427900034288,0.34288410169153694
0.8949981652345759,0.035000000000006866,0.035001472811066275,0.03500036195435091
0.09731612041250967,0.03500000006730163,0.5805662508681138,0.2871176286520748
0.035836767976339286,0.8622645093961313,0.04224481127966033,0.05965391134786917
0.038324997282068785,0.7908078088897075,0.05729796212752197,0.11356923170070203
0.07411349204007223,0.03595708417402605,0.42545021410822004,0.4644792096776783
0.6224687271905266,0.035000029233802604,0.2491007260743406,0.0934305175013316
0.037713485734553916,0.8189822425097194,0.05636568889354519,0.08693858286218267
0.07521989215455151,0.13265812066579252,0.3293621882940445,0.46275979888561125
0.1668734830384274,0.03565972955149762,0.41757972597554704,0.37988706143452716
0.568337574765713,0.0559874476323447,0.16183732522817923,0.21383765237376365
0.0358337525015793,0.8620732521520192,0.04234420719171445,0.05974878815468632
0.7727969675186518,0.03500020436951949,0.10294768880373928,0.08925513930808902
0.037186350512282224,0.8398069158377391,0.0486734484741296,0.0743332851758489
0.07220672234946834,0.03570937528580648,0.44748966292838377,0.4445942394363413
0.07859085075553993,0.035000000000000094,0.8223502396706384,0.06405890957382195
0.8937434904200634,0.03500000019135571,0.03567005042400756,0.03558645896457401
0.14532273791932046,0.0350694331640688,0.6662611843399323,0.15334664457667868
0.10188550743560011,0.07419887401828057,0.2798253670721725,0.5440902514739463
0.16981155352113844,0.03500384900718319,0.5143969171145268,0.2807876803571514
0.8446346706459305,0.03510786810345989,0.05859138407460411,0.06166607717600607
0.03915443446499311,0.6690445779739583,0.10400840995605196,0.18779257760499773
0.0825130225968228,0.057528891743652916,0.25258630380422614,0.6073717818552994
0.7712579576393241,0.03500007508053009,0.10885025301671152,0.08489171426343399
0.09094639885505865,0.03675195907307689,0.3398480618105664,0.5324535802612984
0.7963860774454872,0.035000003433096526,0.10711734438148053,0.06149657473993586
0.2615539213965784,0.03543015973309658,0.3588050528348578,0.34421086603546724
0.7866393569613581,0.04035386032424153,0.09653424331667218,0.07647253939772758
0.5343961517876972,0.11118990511143752,0.15238595184183407,0.20202799125902882
0.08420994789019379,0.10692730845040527,0.1931444126962576,0.6157183309631434
0.8949988139152585,0.03500000000000279,0.03500095316256606,0.03500023292217286
0.10089230722738965,0.035000000048687537,0.5725200738822327,0.2915876188416913
0.20005111041519824,0.03500000000000021,0.6791931047494495,0.08575578483535322
0.038281175072305856,0.6231826205905177,0.07758680078504299,0.2609494035521345
0.16377951517996486,0.06684318032346187,0.5359185945748851,0.23345870992168716
0.03581223587412978,0.828460930772122,0.0534956477010411,0.08223118565270773
0.07205711007806716,0.03505970219349123,0.3682053754248601,0.5246778123035825
0.03534291812776897,0.846952636903984,0.04194972240733441,0.07575472256091155
0.11173515808734864,0.04775395387072954,0.2784535450533724,0.5620573429885493
0.03770009339241829,0.8226578314777921,0.055203256412582696,0.08443881871720628
0.8949999196332337,0.03500000000000136,0.0350000573105725,0.035000023056193784
0.09669171080746736,0.060185936056194954,0.2722146578311827,0.5709076953051545
0.08491651570518124,0.10465498192848426,0.1986420020567322,0.6117865003096015
0.8949751923429679,0.035000000008299136,0.03501381219915314,0.035010995449579974
0.07412445537447629,0.10581066944374613,0.22758218581223047,0.5924826893695478
0.5418264113059158,0.05964109561486648,0.17488563681235625,0.2236468562668618
0.035868424267933005,0.8436957276674759,0.04615860552081339,0.0742772425437781
0.0678536681190499,0.20056307278542132,0.22581195233189152,0.5057713067636382
0.03774828548552929,0.8221820464120764,0.055228496433050306,0.0848411716693441
0.06257069232797745,0.5220143564406982,0.18163493090958327,0.23378002032173942
0.03700826649457998,0.8242611968455436,0.05497763404271403,0.08375290261716126
0.8949999069858421,0.035000000000001516,0.03500006690933664,0.035000026104819504
0.035394330422919215,0.845334412391336,0.04256515411700724,0.07670610306873865
0.19986876131764286,0.03500000000000031,0.6804775848716001,0.08465365381075568
0.8949192192482649,0.03500000000516439,0.03506024188023677,0.035020538866334855
0.888187722590972,0.0350000297657412,0.03968117322039345,0.0371310744228951
0.03608756097666924,0.8317212847493378,0.048136572168652796,0.08405458210534142
0.8939696866059017,0.03500000010637951,0.035565506025737936,0.03546480726198097
0.8396298190958308,0.035113192583709034,0.06026460714547116,0.06499238117498977
0.8925666036869049,0.03500004508664755,0.036401388872599375,0.03603196235384909
0.04153153141549518,0.23650687721066227,0.08805426231568665,0.633907329058156
0.05574073302039851,0.5235018171098698,0.14424684783473002,0.2765106020350014
0.03758522625035034,0.8316083891485713,0.052949762174873856,0.07785662242620493
0.7983435908828663,0.0350994138824576,0.07538762115140117,0.09116937408327556
0.8918403078033053,0.03500009093511504,0.03676299413151816,0.03639660713006179
0.16437442092811974,0.06648477378866816,0.5233746382301377,0.24576616705307366
0.07802040489606882,0.035000000000000094,0.8205529875119468,0.06642660759198446
0.7635474977267177,0.03590712047087321,0.10961719117710256,0.09092819062530584
0.12262756302610743,0.07062773861839379,0.37430172608499485,0.43244297227050266
0.07718942162978729,0.12741437494930505,0.23792988348257674,0.5574663199383302
0.11937803808174337,0.09401897932359671,0.30211199525349186,0.484490987341168
0.5377979004922672,0.035000000000000094,0.35111006299712405,0.07609203651060831
0.03551904145113216,0.8581805978649044,0.04275908634985612,0.06354127433410721
0.11207789880455447,0.035765132230639665,0.5209680252596395,0.33118894370516805
0.03559278287618235,0.8537725963362054,0.04248095484053098,0.06815366594707972
0.03566985017430289,0.8345193101921867,0.05130958467036304,0.0785012549631476
0.03628280105183813,0.8267274601224243,0.04981409840419322,0.08717564042154505
0.03697228482340802,0.8244477919999668,0.05511378068639191,0.08346614249023394
0.6094894391809185,0.03500002726053566,0.2578566680516953,0.09765386550685029
0.03806298899565515,0.7812718124533679,0.057953826634779784,0.12271137191619662
0.054730872287777704,0.507398820620147,0.13607129143895447,0.30179901565311984
0.8010724585540179,0.03500009329116741,0.0873089027754122,0.07661854537940163
0.1050673408487502,0.03500000004023781,0.7138792783473594,0.14605338076365196
0.08546960474636915,0.036453240083876494,0.345643483577429,0.5324336715923246
0.1526910639980476,0.035000169941546026,0.5758429270290821,0.23646583903132357
0.03900847422903976,0.6684454601073158,0.10182521587676917,0.19072084978687404
0.03860944065642133,0.7860492794962687,0.06189232009411358,0.11344895975319469
0.03811204569739009,0.6641046937799322,0.07575436706223372,0.22202889346044194
0.1279079411280514,0.6454259167736196,0.08817427344258523,0.13849186865574423
0.09732796042896937,0.03998869044486333,0.16665945551240083,0.6960238936137675
0.47523113567495473,0.03503142486282148,0.2938708672944265,0.1958665721677965
0.06975392188001943,0.30690331562909917,0.1654857350689215,0.4578570274219586
0.36161959327391197,0.14102362120569956,0.1680962810075811,0.32926050451280736
0.06330292457840994,0.5233330450487881,0.17973041366979395,0.23363361670300783
0.038140393000506846,0.8207478954086085,0.05520392129564721,0.08590779029523846
0.4630711870135915,0.12468428852790021,0.17222004390512372,0.24002448055338432
0.7865571211317506,0.03500000200395702,0.11297448875617927,0.06546838810811365
0.03900067100369207,0.7795874993801695,0.06499219039597602,0.11641963922016141
0.8705954618086813,0.0353373207372695,0.04583773316497175,0.04822948428907707
0.03663416971813166,0.8395449920085112,0.051013661941709164,0.07280717633164689
0.8825496680790644,0.03500438374398117,0.04277594957322172,0.0396699986037325
0.1170199509342988,0.5782979473880936,0.12037271919687714,0.1843093824807297
0.12240961267489672,0.0488625207019776,0.3557540459603252,0.4729738206628012
0.03527359961998367,0.8618410020863226,0.03960316456879686,0.06328223372489698
0.6640081875272322,0.07940867228307831,0.12406610487396183,0.1325170353157271
0.07889745926606487,0.18959975301145982,0.21756549858925328,0.5139372891332215
0.03537533660057571,0.8587550496991001,0.03993269248152635,0.06593692121879745
0.035270207058784614,0.8610994474441434,0.03939630687036219,0.0642340386267108
0.03591682640521149,0.8201314917738519,0.05139523663777824,0.09255644518315834
0.03594560735857938,0.8333736400344223,0.048226910909086956,0.08245384169791149
0.06306105347607076,0.1938338573636454,0.21758594864248726,0.5255191405177965
0.037149676127828594,0.8318638661160853,0.05426155139345545,0.07672490636263216
0.06939523489084969,0.3228126749475255,0.16708951348942422,0.4407025766722002
0.1564746709268067,0.03500025327400411,0.5802713402306047,0.22825373556858528
0.11106076365626658,0.04786438996962745,0.28297355211952313,0.5581012942545821
0.8869397069361845,0.035000070953044846,0.04055430573174426,0.03750591637902657
0.7832863443557818,0.03515132719979908,0.08271363054145932,0.09884869790296034
0.03599557898529614,0.6897781266564331,0.06199786038046244,0.21222843397780847
0.035486736390214296,0.8599088219291083,0.04229680544765839,0.06230763623301802
0.07449952494230822,0.13756409627090066,0.32881080985005257,0.45912556893673745
0.037341371308576864,0.8114895070568968,0.058956118051204404,0.09221300358332049
0.043953037884206896,0.5509933515671687,0.1375764940350098,0.2674771165136145
0.03732263384570191,0.8278206157672007,0.05509719804100475,0.07975955234609171
0.03599547332486085,0.7081782103284392,0.06383571700914084,0.19199059933755858
0.13524579701120845,0.03500000038159895,0.6818078901957123,0.14794631241148104
0.03560017720598023,0.853534526524628,0.04213287224829541,0.06873242402109614
0.036787507267308936,0.8375310977784451,0.0511960564192394,0.07448533853500558
0.06824230067348683,0.3746571711501558,0.2568062973715042,0.3002942308048542
0.7753582304870504,0.03500005370081171,0.10558040425233679,0.084061311559801
0.8834692542891659,0.03500312578860453,0.04228964202318125,0.03923797789904884
0.6065596747985353,0.07713725089553787,0.1410586795616373,0.175244394744289
0.1188262665413682,0.06977410858508988,0.40225517836175717,0.4091444465117837
0.036878541147074145,0.8394231997685111,0.042947306286657765,0.08075095279775713
0.7530868453575599,0.03610611743993884,0.11421625396263367,0.09659078323986892
0.06638833826663501,0.3986295490982048,0.24702045791106383,0.28796165472409535
0.037567403262048917,0.8082306767584754,0.06065647420854406,0.09354544577093284
0.4978560558081281,0.035000000000000094,0.3852873122238327,0.08185663196804177
0.035380049810906075,0.8321111581410551,0.04601293503737154,0.08649585701066492
0.8635776471397439,0.035526244399866874,0.049024206812464284,0.05187190164792592
0.8941432159094856,0.035000035972984345,0.03551349256392432,0.03534325555360594
0.5532377678075566,0.0517430103844244,0.16136679032043685,0.23365243148758047
0.03547779228703183,0.8437310331607683,0.04263879605304565,0.07815237849915385
0.04319334198622526,0.29525208937707687,0.09439631252223947,0.5671582561144584
0.038818877519120866,0.7824497105541139,0.06022341219705282,0.11850799972971297
0.05276959333728952,0.2982844019248168,0.09675481811474547,0.5521911866231476
0.1672333331075527,0.035610185537995845,0.39184440329506465,0.4053120780593867
0.12713864565489072,0.03799019365855853,0.3483041879948817,0.48656697269166976
0.03839431832064669,0.7998828089323452,0.061975017256699134,0.0997478554903099
0.035506392817942795,0.8530302693120296,0.04090565483892515,0.07055768303110126
0.036686400660949914,0.8421873533351416,0.04243686586818162,0.07868938013572783
0.03588784988816907,0.8380340346016105,0.04737847012289321,0.07869964538732654
0.8942179683106606,0.03500001380632599,0.03547303204831432,0.03530898583469987
0.3341309031143671,0.03610383950274927,0.4447225682279295,0.18504268915495425
0.7643133308954624,0.04203476383749482,0.10866284478779427,0.08498906047924887
0.28162094022122164,0.0355713733529535,0.3509682981461183,0.33183938827970666
0.8915260492952527,0.035000000000052524,0.03812252487235567,0.03535142583233944
0.8949711605070132,0.035000000010614485,0.035016246765100977,0.03501259271727157
0.5045452815502337,0.03502737551169954,0.27595526736734394,0.18447207557072243
0.37652660203705435,0.03593256690098394,0.4197971901590946,0.16774364090286742
0.03573770783375235,0.8455409221636337,0.04231839274775005,0.0764029772548648
0.037368744242194885,0.8370777051937188,0.051853054083363485,0.07370049648072277
0.17039312287827837,0.03500370840239651,0.5097458009408141,0.28485736777851045
0.11971884849832881,0.09870570789631071,0.3150543250131919,0.46652111859216744
0.07078283285800378,0.03506958899538715,0.38169865768944694,0.5124489204571618
0.10111437222739635,0.03928108542736655,0.16346213676621182,0.6961424055790251
0.03575386002116528,0.8446000333209825,0.042509426052030674,0.07713668060582257
0.6489167368676219,0.08441863657303422,0.13001560416929878,0.13664902239004417
0.12574289361559146,0.035000000041677734,0.6868370510568207,0.15242005528591016
0.09643137204302726,0.03500042738804862,0.5346046772583154,0.33396352331060997
0.036037599384976,0.8480174637205486,0.046596497923161506,0.06934843897131288
0.03655985216584722,0.8405956379766311,0.05076794137698714,0.07207656848053523
0.10829611642321589,0.035638627026807757,0.5486120667753752,0.3074531897746013
0.07734083041411091,0.19619367488100828,0.2206047968593459,0.5058606978455367
0.043967306093053785,0.530136823135714,0.1481661348689753,0.2777297359022565
0.08508491217405323,0.03720326363660563,0.6258182214243537,0.2518936027649895
