I,G,C,H
0.03685374905442006,0.83802932531605,0.051359973369340624,0.07375695226018945
0.12284471792662885,0.03768003881436042,0.3310961016927473,0.5083791415662646
0.14333267421663437,0.03505184062695067,0.6666297928452584,0.15498569231115672
0.035958099869934,0.8194865315612335,0.05176128253888585,0.09279408602994844
0.891954256509768,0.03500000000015912,0.037766131789876436,0.0352796117001956
0.03612833541300025,0.8453033733043206,0.047023652491398456,0.0715446387912812
0.5914901770531729,0.05060304392392333,0.1464416545126595,0.21146512451024324
0.5898291401737206,0.07992989917610455,0.14618625988501602,0.1840547007651594
0.8948792987809108,0.03500000004921099,0.03509008657598107,0.03503061459389743
0.03587130008201549,0.8441914245133517,0.04606279295349134,0.07387448245114134
0.34675087583403486,0.1449768970554542,0.1805355025239331,0.32773672458657804
0.03542303203921132,0.8454869640911753,0.04236425772630982,0.07672574614330174
0.1238082314549827,0.04907471902300985,0.3542340787085662,0.47288297081344194
0.038219145963929925,0.8208748790147301,0.055248564979028,0.08565741004231088
0.03536011289453807,0.8349823305059194,0.045401203159717025,0.08425635343982524
0.13822198206885863,0.035000000546070185,0.6734723516095857,0.15330566577548524
0.09142451203241322,0.06214549291155276,0.28328692936021244,0.5631430656958212
0.051857606053632016,0.3452925125305514,0.09829118640472351,0.5045586950110931
0.08653121335312283,0.037046917801109115,0.6256370974299938,0.25078477141577227
0.11847783345222579,0.5724095703757116,0.12228211206483637,0.18683048410722702
0.1353478340327979,0.6400567556419696,0.08855222509396989,0.136043185231263
0.042639766600297155,0.5559986901922086,0.1201930982735861,0.28116844493390947
0.03746360141158452,0.8356096707602866,0.04979267232834657,0.07713405549978325
0.04230640600770713,0.4986001514866691,0.12155114706745995,0.3375422954381635
0.03838472275305093,0.7776553646293717,0.060068740981894096,0.1238911716356842
0.09714388103346316,0.035000509108653516,0.5293452673438324,0.33851034251405043
0.8949985931874767,0.035000000000011904,0.03500114647842486,0.03500026033408463
0.09941163737863241,0.035000000032043656,0.5859262570718148,0.27966210551751
0.035840011056657475,0.862219253428359,0.04239339087699213,0.0595473446379911
0.03872939580071861,0.7846967245827973,0.05967671271804345,0.11689716689844012
0.07281321994795308,0.03576188842358976,0.4222188112315163,0.46920608039694
0.6134407717324968,0.03500002949526233,0.2581609797032029,0.09339821906903877
0.03790738164155955,0.8144165006433013,0.05772469229275863,0.08995142542238162
0.07625694103055998,0.14594882787224484,0.32416078514263824,0.4536334459545571
0.16455883131549287,0.035674468073895536,0.41722237842100335,0.38254432218960666
0.5759942891750401,0.05563952990000264,0.15910493818627874,0.20926124273867902
0.035796427125083505,0.862444734297163,0.04222330574808973,0.05953553282966399
0.7695730067486732,0.035000275704975166,0.10564620172650005,0.0897805158198505
0.03751945971321698,0.8349203791282827,0.05008676379542134,0.07747339736307847
0.07263063965135792,0.03573774649830137,0.4455891538314731,0.44604246001886694
0.07981714756634632,0.03499999999999983,0.8205839748548209,0.06459887757883345
0.8938825707698547,0.03500000018799592,0.03561494401345014,0.035502485028698565
0.14300648575179065,0.035063082446761526,0.6644050116211877,0.15752542018025917
0.10477458864023566,0.07409154998506895,0.28407800308660086,0.537055858288094
0.1640658956251994,0.03500389601595296,0.5183725609224674,0.28255764743638173
0.8418469661617654,0.03510895315193196,0.06069657130235002,0.062347509383952365
0.03906160494508212,0.663426621774644,0.10466768872330816,0.19284408455696564
0.08933505315745506,0.05974720838019648,0.25999578223991904,0.5909219562224304
0.7751939461365166,0.03500008209393959,0.10734381504704693,0.08246215672249722
0.09337344652067808,0.03678832524509113,0.34371878123698224,0.5261194469972481
0.7907823308965654,0.03500000561325975,0.11173379641310141,0.062483867077072854
0.26944683581098644,0.03546770220425909,0.3513212380466897,0.34376422393806555
0.7895289580219715,0.03993589001444354,0.09545322661123236,0.07508192535235325
0.5260095380017045,0.11249409531926431,0.1542722989023307,0.20722406777670063
0.0848213220419198,0.10876350493970116,0.19957416234683198,0.6068410106715465
0.8949983176667181,0.035000000000019564,0.035001367581156226,0.0350003147521025
0.09961776200717144,0.03500000010851068,0.5855417406127928,0.27984049727152543
0.19890909260505008,0.03500000000000043,0.6809002171183163,0.08519069027663469
0.038275126347088004,0.6323134144034854,0.07792281295129942,0.25148864629812956
0.16465163569723038,0.06661885970836516,0.5287689137933765,0.23996059080102672
0.03577677415756742,0.831017286716945,0.052614927210680736,0.08059101191480723
0.07029144018769598,0.03505690958380452,0.37898768542596917,0.5156639648025295
0.03535010700557378,0.8471768470045037,0.04206941135349503,0.07540363463642784
0.10794083564343379,0.047671010196671866,0.28345958523651604,0.5609285689233781
0.03776743583072039,0.8247217040439987,0.05474234453575884,0.08276851558952271
0.8949999107140549,0.03500000000000267,0.03500006445515124,0.035000024830788644
0.09932873598969126,0.06433580498282798,0.278502237118699,0.5578332219087818
0.08346112986839144,0.1054135103837164,0.19754032827458748,0.6135850314733041
0.894973524212355,0.035000000024670436,0.03501542540274195,0.035011050360231305
0.07372176614818965,0.10551249936047642,0.22810980804151795,0.592655926449816
0.5380123124026843,0.05815046312305513,0.17788591266677395,0.22595131180748718
0.035909561999750435,0.8431098854969841,0.046353820563759494,0.0746267319395073
0.06833154860726116,0.193273944953183,0.22819241209229843,0.5102020943472585
0.03794109555800466,0.8224736103853106,0.0556257835404159,0.08395951051626793
0.061289011324777494,0.5234947851923892,0.17714532333468552,0.2380708801481471
0.03696954117274506,0.8249387952687517,0.05500428492892051,0.08308737862958246
0.8949999116195336,0.035000000000004514,0.03500006508863103,0.03500002329182845
0.03535749362689624,0.8472293055621073,0.04202912213066436,0.07538407868033381
0.19867169570459992,0.03500000000000049,0.6820697973834435,0.08425850691195585
0.8948973597557772,0.03500000001731346,0.03507597254746886,0.035026667679438316
0.8877867895136059,0.035000053200198354,0.04008264843869842,0.037130508847497606
0.03613348322859201,0.8316424794922508,0.04798223941463377,0.0842417978645241
0.8939042772000134,0.035000000275321914,0.03560241153737581,0.03549331098728851
0.8430855762819963,0.03510132413556459,0.05921819925708846,0.06259490032534974
0.8918699063918306,0.03500013472953481,0.03680264636841396,0.036327312510218764
0.04224055898827386,0.24582352137548014,0.09055070622363498,0.6213852134126115
0.05692661083319381,0.5226785029899889,0.145485150447438,0.27490973572938004
0.037724402064796124,0.8329402541757924,0.05283891586828512,0.07649642789112615
0.8015618710188973,0.03512225704282435,0.07521862690241334,0.08809724503586573
0.8918391437469361,0.03500013066942808,0.03681866487236672,0.0363420607112687
0.1619417465251486,0.06715013339720893,0.5341212607950006,0.23678685928264176
0.08360304372743624,0.03499999999999983,0.8135760145350898,0.06782094173747388
0.7568071191422822,0.03603301152489626,0.11348753655475502,0.09367233277806623
0.11852050776310447,0.0707993223095164,0.38344925395004875,0.42723091597733126
0.0799682536392013,0.1314802193039119,0.23663240441859174,0.5519191226382952
0.11696459024696278,0.09480404049217063,0.29936677495327296,0.488864594307593
0.533086621681943,0.03499999999999983,0.3545894420984504,0.07732393621960626
0.035494379424004165,0.8604186679310333,0.042247682111200106,0.06183927053376088
0.11407629280474021,0.03583885863284657,0.5103108196936517,0.33977402886876207
0.03555836903131307,0.8552543932541128,0.04189764780165475,0.06728958991291913
0.03579066261475274,0.8296015769070659,0.05305142079920692,0.08155633967897526
0.03618363216304634,0.8301144491922192,0.04821687145759157,0.08548504718714477
0.036985023450190495,0.8245443241851799,0.05513932474992625,0.08333132761470384
0.610272649987093,0.03500003665013608,0.2607479733451029,0.09397934001766681
0.03828199961672009,0.7794315855136428,0.059243509098464715,0.12304290577117226
0.05557506115493624,0.5035831860984958,0.13936513158884756,0.30147662115772
0.7941718039687841,0.035000180434289374,0.09114984843037133,0.0796781671665557
0.10932368594549051,0.03500000004684774,0.7084024770407004,0.14727383696696184
0.08605645430497773,0.03676102341247506,0.33763941300842554,0.5395431092741219
0.15781540377853764,0.03500020802613428,0.5759064401390237,0.23127794805630464
0.03905606436594445,0.6653776431769951,0.10464855155994568,0.1909177408971147
0.038772472255991564,0.7818888524528838,0.06354872304921023,0.11578995224191525
0.03820456430565642,0.6742062032433609,0.07693114156993161,0.21065809088105197
0.1314999635741083,0.6457310127696767,0.0878406745189793,0.1349283491372349
0.10278719394331783,0.03984746482384412,0.17071978628132695,0.6866455549515108
0.5031809625496617,0.03502597526446999,0.2798566041657357,0.181936458020133
0.07055264335766676,0.32012626817079864,0.1694158153819567,0.4399052730895777
0.34059899782541947,0.14259782789296058,0.1727625329996329,0.3440406412819858
0.061533890291359056,0.526332362845159,0.17815474322043187,0.2339790036430501
0.03826393051633091,0.82071787660902,0.05532191899562775,0.08569627387902135
0.47699115266942954,0.12142436758101861,0.16702770404434217,0.2345567757052098
0.7885138057824231,0.03500000519493072,0.11320579913315768,0.0632803898894887
0.03871193698336723,0.7822982821835263,0.06306404596444473,0.11592573486866224
0.8712431088119174,0.03530593590682471,0.045794583325129125,0.04765637195612791
0.036584937069186176,0.839399577580416,0.050971480193662336,0.0730440051567364
0.8821851839979186,0.03500502310958211,0.04302009292638754,0.03978969996611121
0.11864234511229345,0.57022181621417,0.12275266063841547,0.18838317803512078
0.12371169768349527,0.04852712123532567,0.35074770438789477,0.4770134766932849
0.03527673579602276,0.8600476491896017,0.03970647807183085,0.06496913694254436
0.645002340856697,0.08338395599275904,0.13148086648791937,0.1401328366626244
0.07863806444668833,0.2103249377661856,0.2229005243772393,0.4881364734098863
0.03550488452567297,0.8539075323020648,0.04093501314968676,0.06965257002257505
0.03527681857545321,0.8608247447651558,0.03973930567440825,0.06415913098498317
0.03593397906721064,0.819404911926632,0.05157742366292199,0.09308368534323559
0.03589515563132893,0.8371544069012218,0.04748114091061855,0.07946929655683033
0.062136720458937686,0.17959867079019232,0.2183886893953456,0.5398759193555251
0.037390998903732174,0.8268663829663927,0.05545913797021723,0.08028348015965849
0.06969913567446075,0.3173849554682,0.16890265520690667,0.44401325365043404
0.15551620864853724,0.03500022578239188,0.5726785876620548,0.23680497790701677
0.10935745418309532,0.047724811783787055,0.2817982645292276,0.56111946950389
0.8880676988980288,0.03500006471297967,0.039812154935224074,0.03712008145376789
0.7767382296275901,0.03519543786203496,0.08719329607148052,0.10087303643889538
0.0359375916970395,0.6843248590717328,0.062225646702045716,0.21751190252918126
0.03548912430748717,0.8603594803516131,0.04220831431444731,0.061943081026452095
0.0761892621800329,0.1387201525013481,0.3275539280198146,0.45753665729880366
0.037447813713705334,0.8082441062885366,0.05991570447468391,0.09439237552307468
0.044083549681598375,0.564304966121931,0.13343870398584254,0.2581727802106275
0.03748251167850572,0.8255112878546506,0.056286453510285474,0.0807197469565573
0.03613560424115051,0.7090102144751805,0.06553700181259986,0.18931717947106771
0.13243291911192112,0.035000000516741535,0.6913724219162096,0.14119465845512705
0.03558844710220566,0.8542377542402263,0.042121362360720484,0.06805243629684819
0.036826245751872023,0.8376928938252315,0.05157411357567857,0.07390674684721835
0.06692622264992885,0.38714235820974835,0.24786822434174716,0.2980631947985745
0.77196091071841,0.03500008448703581,0.1093663722998162,0.08367263249473825
0.8818883567085023,0.03500477212966718,0.04321530429618948,0.039891566865641534
0.5863555103907481,0.08035203482034663,0.14735655305152426,0.18593590173737926
0.11749295539787756,0.07171761747622864,0.39962741894072024,0.41116200818517407
0.036933831683793064,0.8378810810224119,0.04315835590309377,0.08202673139070239
0.75001615852705,0.03610989142130418,0.11719752160461837,0.09667642844702956
0.06568404683817972,0.39702788496506425,0.24547114270371734,0.29181692549303917
0.0373077761970782,0.8106515981952815,0.05871777310332007,0.09332285250432061
0.48564858058958693,0.03499999999999983,0.3984730091617806,0.08087841024863175
0.03536304637694574,0.8349089268401398,0.04562474533852103,0.0841032814443911
0.8637162699417394,0.03553506416752966,0.04953791641993726,0.051210749470792495
0.8942164949934964,0.03500003467624099,0.035479963863582493,0.03530350646667967
0.5450952557924814,0.05373027825755879,0.16649187587338293,0.2346825900765769
0.03540110563276505,0.8465040342082637,0.041971174803177115,0.07612368535579488
0.0432945094177407,0.29120645892087094,0.09412590232583103,0.5713731293355568
0.03855666259946699,0.7855386610672077,0.05915380777945054,0.11675086855387527
0.0523994969411743,0.31858164894407204,0.09703977242171892,0.5319790816930352
0.1662911465412947,0.03563678406995095,0.4000580261960785,0.39801404319267547
0.12649048105501945,0.0379737570685516,0.3527663860449746,0.48276937583145346
0.03844992322119697,0.8010195801860938,0.06132567920727605,0.09920481738543405
0.03550557811939756,0.8533362636117693,0.04105754328512616,0.07010061498370712
0.03680335096126471,0.8394762394866596,0.042835117584432286,0.08088529196764323
0.03588524226419759,0.8379115226570557,0.04732083658016018,0.07888239849858719
0.8941888885871531,0.03500003438249995,0.0354997445840082,0.035311332446336365
0.34775232695675745,0.03596767964641898,0.4392156714011684,0.17706432199565475
0.7677427457262843,0.04163209690345431,0.1080044091558824,0.08262074821437919
0.2861570076829842,0.03549430019508564,0.35176302833723216,0.3265856637846992
0.8918980303667103,0.03500000000018608,0.037810608919778076,0.03529136071332634
0.8949715196727996,0.03500000000978072,0.03501666125455655,0.035011819062861195
0.5091415412985908,0.03502225537259481,0.27865602713355564,0.1771801761952582
0.3877734693094771,0.03574285228485458,0.4174359056866433,0.1590477727190254
0.035814034055537076,0.8438473464309356,0.042880474809469216,0.07745814470405848
0.03761224780979651,0.8345288317851849,0.052372069098343375,0.07548685130667591
0.16407322321117393,0.03500446197284846,0.5188547833720201,0.28206753144395713
0.11971156373323165,0.09913433409683692,0.3138539641278248,0.4673001380421075
0.07191158720328561,0.035064240109272476,0.37634988797611135,0.5166742847113314
0.09926975462659496,0.039810516290048115,0.1685806547506729,0.6923390743326843
0.035788310316017743,0.8444342638124708,0.04254621552671976,0.0772312103447919
0.6532578956886408,0.08183986997085989,0.12817272416784117,0.1367295101726577
0.12530445833142934,0.035000000050603004,0.6830168073331543,0.15667873428481346
0.09904831802228399,0.03500047258164296,0.5265844541277797,0.33936675526829374
0.03618392843898059,0.8441703333392307,0.04749215985574626,0.0721535783660431
0.036568619217156824,0.8397474357153076,0.05076649550727263,0.07291744956026373
0.10909795721293795,0.03581148753231198,0.5429308264140932,0.3121597288406565
0.07834617612463378,0.19995099053689752,0.21901142972741544,0.5026914036110529
0.044367055890835796,0.5165612176224553,0.1482644778723335,0.29080724861437557
0.08556614847409098,0.03713156488828346,0.6276306260072627,0.24967166063036222
