I,G,C,H
0.008650618306181242,0.8425973679589402,0.056236939835487165,0.09251507389939295
0.1661285194818223,0.02156150034201864,0.37456846880699607,0.4377415113691694
0.2038286102670538,0.0009817692206718312,0.5686331012479677,0.22655651926429954
0.005499602535954775,0.8177654380274423,0.057533328055578634,0.11920163138102115
0.9790363344929759,1.2903093369337642e-12,0.018099750071684077,0.0028639154340539394
0.006385734773683235,0.853619994744989,0.0477822331058,0.0922120373755326
0.41154304166578104,0.07986327255865863,0.22614745733165323,0.28244622844390316
0.3813226467142279,0.14319089449812353,0.21857429353667754,0.25691216525097693
0.9985290998514825,4.1912623809611517e-10,0.0010472023773720077,0.0004236973520185962
0.005277756074147479,0.8552209054975176,0.04414660876945084,0.09535472965888696
0.18111168076589346,0.2777206449254891,0.2256503127138551,0.31551736159475907
0.0031403020446997033,0.8621233799834701,0.03357317172866887,0.1011631462431602
0.15242533718476178,0.071395256596719,0.37020612027944044,0.40597328593908527
0.01241218404617137,0.813363373605306,0.06524305054547272,0.10898139180305041
0.002768694164798568,0.844730574413359,0.04291471356514173,0.10958601785669961
0.19664251730955892,1.2503717596629987e-08,0.5860598449620796,0.2172976252246407
0.11386909457107491,0.11371345407248568,0.32737139514315106,0.4450460562132936
0.04129257633143149,0.5731543896644231,0.10949754848649583,0.27605548551764825
0.12189689992393163,0.017472075842065046,0.551166390278813,0.30946463395519586
0.05858160060596819,0.6437144455363066,0.130475160460996,0.1672287933967249
0.05871682635433269,0.6799355870843939,0.110877857324612,0.1504697292366559
0.020386522174003996,0.6406307182607236,0.1348599752579306,0.20412278430733702
0.010580003827096222,0.8357681590299872,0.05399750160274984,0.0996543355401639
0.02090917804740872,0.628289289707004,0.13776180908252553,0.2130397231630658
0.012568849567229014,0.777380566748859,0.07052396534350325,0.13952661834041238
0.141001574111908,1.2391725059853723e-05,0.4883111879540654,0.3706748462089636
0.9999686240928141,1.0059189663248082e-13,2.4836713970160673e-05,6.53919311931857e-06
0.14364623575289506,1.5021860285736398e-09,0.5234923884864533,0.3328613742584622
0.005150816288714932,0.891206752417872,0.033361408840909,0.07028102245249879
0.01341848691660621,0.7905313773126824,0.06842614980359281,0.12762398596711835
0.10365269404802599,0.007975355469415168,0.44273292621389254,0.4456390242686706
0.5225593089492181,5.892958043873074e-07,0.3457210497416676,0.13171905201331638
0.012260569722357234,0.798522816333829,0.07284045323193834,0.11637616071187698
0.07823147065875964,0.276862744866421,0.2980515254772311,0.3468542589975823
0.20170499854110296,0.006491821054948141,0.41430370140672235,0.3774994789972234
0.3626214125610038,0.09157505242408388,0.2543327491070372,0.2914707859078689
0.005152674554397833,0.8911912965572351,0.03337273569954343,0.07028329318881955
0.6996996808535412,5.754598230900468e-06,0.1673721344744717,0.13292243007375618
0.010575783024709533,0.8358010149142885,0.05398003920155133,0.09964316285944722
0.10395122213172152,0.007949845153757615,0.4548373140991713,0.43326161861535584
0.1294038406367241,4.3868480937079e-18,0.7755330973475196,0.09506306201576128
0.9899777857262095,3.582217142151816e-09,0.005469619684460692,0.004552591007113866
0.20380602470854337,0.0009814816712213662,0.5687626902195437,0.22644980340069532
0.12637226495141995,0.15260003274709297,0.31269734379277386,0.40833035850870963
0.20812780555693214,8.02201090070545e-05,0.47139598917753617,0.32039598515651824
0.8145567883209031,0.0016896253732924388,0.09264988699335445,0.09110369931245654
0.01391647489270987,0.6957418051147856,0.12190083604040225,0.16844088395210757
0.11266030928105457,0.11266512248431221,0.31751975059845566,0.4571548176361783
0.6991660667736207,1.6407700567960539e-06,0.17589244063433226,0.12493985182199573
0.12334982873399526,0.012144417119514212,0.3959438683890777,0.4685618857574181
0.7345142498264275,7.90307919928308e-08,0.18162535579769923,0.08386031534507687
0.25079111073413424,0.003110976260767636,0.38862465382261213,0.35747325918248507
0.6516143338296226,0.03600332395741253,0.18129765510259144,0.1310846871103795
0.3143249732980317,0.23205119216344433,0.20932925066893351,0.24429458386959133
0.0977372100007167,0.24955824525830322,0.2380364074848703,0.4146681372561135
0.999968684807143,1.0017707037232274e-13,2.479187128400363e-05,6.523321480068363e-06
0.14358278418939266,1.4877281557270706e-09,0.5236323609532957,0.33278485336957925
0.2600979498124838,5.1033203609865765e-15,0.6168697162780467,0.12303233390946423
0.012893273528155797,0.7148869408888958,0.09472313566495914,0.17749664991799513
0.17543832659898984,0.12674911783515433,0.4294115686912783,0.26840098687457375
0.004825335301060519,0.8303383304716695,0.06059630841825326,0.10424002580901484
0.10110961444853135,0.0008823196143388021,0.42773341703731904,0.47027464889981535
0.0027254745647136975,0.8662902834704848,0.03242916735756295,0.09855507460724464
0.14630583774832337,0.07191663492173564,0.3361606335749713,0.44561689375496416
0.011473441757069007,0.8161456917555628,0.06546611550427227,0.1069147509830922
0.9999979483824446,2.7907283645261833e-14,1.444064724737978e-06,6.075527987025063e-07
0.12334352892147347,0.13458632875573456,0.31543422867117793,0.4266359136516165
0.09772673710530463,0.249669883263131,0.23800144432814124,0.414601935303417
0.9995552800563148,2.3330302408449185e-10,0.00025278920572625624,0.00019193050465829038
0.08258642183757811,0.2434872108171401,0.2641174337760609,0.4098089335692182
0.3468523590177523,0.09504728029557132,0.2638109286190496,0.29428943206763336
0.005271593780791214,0.8552654358899844,0.0441186497531208,0.0953443205761003
0.06465458799819056,0.3500708463195989,0.23825529632836068,0.3470192693538519
0.011475006914292412,0.8161450514455133,0.06545451365105502,0.10692542798913696
0.04111820117827029,0.6278757203263824,0.15103384710229467,0.17997223139304944
0.009173767664172118,0.818207778809966,0.06547570325416222,0.1071427502716976
0.9999979597910518,2.7524412870345936e-14,1.4364569168913973e-06,6.037519999201482e-07
0.0027311043070075446,0.8662504904849955,0.03246979066864567,0.09854861453934435
0.260027420956972,5.105872353986649e-15,0.616974604683746,0.12299797435928357
0.9985318039146547,4.169959224141811e-10,0.0010453995046813792,0.0004227961636617886
0.9575059922953231,1.2891254708774217e-06,0.027662241915408413,0.014830476663798798
0.006512291884871806,0.8365877901679942,0.049344907496108426,0.10755501045103058
0.989977821260069,3.579952323875928e-09,0.005467539929664845,0.004554635230317355
0.8141205820968365,0.0016974102647989106,0.09035595180604734,0.09382605583232007
0.9772877458058812,2.0102531966860964e-06,0.012922144762973072,0.00978809917794797
0.027455002005977384,0.4939238287810486,0.11413968420838272,0.3644814850045981
0.03793304630824352,0.625332668164296,0.14379183242707325,0.1929424531003814
0.011061252576902327,0.8348112071310335,0.05904619296412072,0.09508134732793697
0.7066618347301257,0.0016363034791874054,0.13560254397545524,0.15609931781523378
0.9772775809661597,2.006583609068396e-06,0.012932667788022491,0.009787744662211835
0.17541694639819028,0.1267751651397803,0.42942789356864297,0.2683799948933873
0.13683037068886197,1.2392147724627634e-17,0.7599245314212929,0.10324509788984561
0.663952165817254,0.009462019838367527,0.18449023501657175,0.1420955793278074
0.13548813114888184,0.1404598783416523,0.35789116115720304,0.36616082935226635
0.08360368413478064,0.2612082777949726,0.2619444347532832,0.39324360331696034
0.12914506460157463,0.19588210001187537,0.3025785869251807,0.372394248461364
0.45185833154445115,1.7629061032279613e-21,0.4388624381402812,0.10927923031527334
0.0035727126110945287,0.886313267631827,0.03367786091714672,0.07643615883993388
0.1576611894517311,0.00860834012243548,0.47049269469481114,0.36323777573102173
0.003923434231690127,0.8769847441866667,0.03235768864016235,0.08673413294147392
0.004825242494059274,0.830338332936734,0.06059630517119796,0.10424011939801364
0.006511999176913563,0.8365790887057153,0.04934300751350182,0.10756590460387594
0.009166410638293657,0.8182343494835342,0.06546583139164003,0.10713340848652844
0.5227079693140714,5.847570220039259e-07,0.34566336474421927,0.1316280811846802
0.012572250627078318,0.7773555335193223,0.07053333663005892,0.13953887922353497
0.037476898229260786,0.6260702972036738,0.1390317750567613,0.19742102951031013
0.7163836124263567,4.566828055659469e-06,0.1564713911279004,0.12714042961768315
0.16990911878196963,1.425797882970251e-09,0.6139375889470423,0.21615329084519624
0.12442813880928831,0.016340740788658294,0.3942515278390132,0.46497959256303667
0.2027685446921489,5.070763609187635e-06,0.5101600831417764,0.2870663014024716
0.013917118922001414,0.6959749776524559,0.12174352487298858,0.16836437855255157
0.013588373097651318,0.7734182793385197,0.07790114607106485,0.13509220149276258
0.012403871880094787,0.7263232207946752,0.09198870104833415,0.16928420627689683
0.05869372424202165,0.679979841553793,0.11086762015731139,0.15045881404687395
0.148681405014286,0.03596363545091404,0.25929699225574715,0.5560579672790563
0.41577565913588244,0.0003989115183482203,0.34955364552447327,0.23427178382130245
0.0598125171089267,0.48268739211000466,0.17776617088253796,0.2797339198985358
0.18000727553436366,0.2771517977935319,0.21883275733891533,0.32400816933319315
0.04112306227066759,0.6278577937924025,0.15104393807457486,0.1799752058623504
0.012414689251400999,0.8133531819578995,0.06524594835897798,0.1089861804317262
0.29998755735779326,0.23729076528210352,0.21024475448193378,0.25247692287816487
0.7338202717556663,8.102052359424238e-08,0.1820189903725399,0.08416065685126535
0.013598960802567658,0.7733576816183577,0.07793654741074035,0.13510681016832785
0.8765979527242369,0.004073642251596494,0.05741244743732627,0.061915957586841056
0.008053874103594066,0.8419934990954241,0.05690275768083919,0.09304986912014047
0.926957695828534,7.907690965831617e-05,0.04404212269093832,0.028921104570863682
0.058595895445464286,0.6436809729471104,0.13048840129859623,0.167234730308831
0.1525162401484194,0.07127145679895931,0.3702494916730757,0.4059628113795521
0.0022711831832380627,0.892971590962107,0.02405657359404528,0.08070065226061277
0.42472108461832975,0.1666718458516825,0.20491837220872386,0.20368869732126677
0.0766004152533562,0.37054988154982865,0.22742700262960394,0.3254227005672044
0.0035331562395278624,0.8764697552080895,0.02925133501320347,0.09074575353917233
0.002275409629961427,0.8929376212494667,0.024085134560834637,0.08070183455973541
0.0055020640884834516,0.8177668495523591,0.05754273893695529,0.1191883474221994
0.005308365696190022,0.8425092589736831,0.04833099554409334,0.1038513797860388
0.05990367904609249,0.34548003423091367,0.2364563825715731,0.35815990415141485
0.010420899662774943,0.8193352151186718,0.06720050401102418,0.10304338120752331
0.05981481326090201,0.48279417926216184,0.17776011834919336,0.2796308891277462
0.2027738360476415,5.066415081054927e-06,0.5102033510042071,0.2870177465330676
0.14638355796784322,0.07165568828579552,0.33626296143925244,0.4456977923071146
0.9574763894495799,1.2936688297573606e-06,0.02767610440585318,0.014846212475737634
0.6854324696563258,0.0019940685726657077,0.14763633912734747,0.1649371226436668
0.0055776662929073835,0.7705440174169675,0.06826293143344779,0.15561538485667417
0.0035737006810601093,0.8862995262131443,0.03368856587025123,0.0764382072355431
0.07822655249293843,0.2768364096215524,0.29806277030290196,0.3468742675826101
0.010203481462932056,0.7985075660949654,0.07302804883857074,0.118260903603531
0.023403293711804805,0.6699804358536021,0.12892319102192146,0.1776930794126756
0.010421725756098751,0.8193273215097887,0.06720415745370642,0.10304679528040213
0.005814958578420941,0.769881884065921,0.07146918407660276,0.15283397327905573
0.19273044564421754,9.887073454272749e-09,0.5990195841264289,0.2082499603422782
0.003928099045851891,0.877000461479994,0.03235194578761377,0.0867194936865366
0.00865022062468217,0.8425909116557055,0.05623915685888464,0.0925197108607236
0.04997031009888946,0.5672906036866278,0.18537240719035694,0.19736667902411986
0.6991967718524242,1.6394063431949594e-06,0.1758764512014341,0.12492513753979582
0.9270027489597528,7.88753395722368e-05,0.044022206066961105,0.02889616963371712
0.38180825551417696,0.14288003530144752,0.21855623569114815,0.2567554734932319
0.13590264402592972,0.13999156125470907,0.36776511140391827,0.35634068331544105
0.00901006414321427,0.8476583102447643,0.036119384335914856,0.10721224127611162
0.6639229899919803,0.009465665340330337,0.18449668036575703,0.14211466430193295
0.04991096862296224,0.5675834349316289,0.18522525177713656,0.19728034466827798
0.010197602018907487,0.7985270996596532,0.07302967174055747,0.11824562658088282
0.43497841268390186,1.4679864871812806e-21,0.4550843315272543,0.109937255788841
0.00277037819686941,0.8447247925591462,0.04292100106765523,0.10958382817632456
0.855575784164274,0.005470124646209114,0.06792806013536454,0.07102603105415603
0.9924460390914933,6.80032880576435e-07,0.004498287193343231,0.003054993682279142
0.3954684154173835,0.08324573116788618,0.2354087532053129,0.28587710020942453
0.00314053003317704,0.8621218344408315,0.03357415240180543,0.10116348312418658
0.027923431480896464,0.5136753727720419,0.11320217395918662,0.34519902178788003
0.01342308304049574,0.7904913141287132,0.06843648103515929,0.12764912179563687
0.04523669463746389,0.5629538730652817,0.1128353729057017,0.27897405939155717
0.20145613613313104,0.006527394598694228,0.40364074497982305,0.38837572428835193
0.16711664100186033,0.02170394871566938,0.38524926326942727,0.4259301470130412
0.012988547231344119,0.7875071933923795,0.07608522530776211,0.12341903406851717
0.003533777416733545,0.8764654405585439,0.029253770747460682,0.09074701127726648
0.009008719587992186,0.847665024384147,0.036115801621166545,0.10721045440668948
0.005308729580149959,0.8425080884614321,0.04833135826618893,0.10385182369222712
0.992404926055081,6.858050714977161e-07,0.004521888302539174,0.003072499837315206
0.31757601367706534,0.008596160493656912,0.4449652607783394,0.22886256505093244
0.6275489664330267,0.0401202793083974,0.19441511686555757,0.13791563739301405
0.26131359752360317,0.005427986904813111,0.38568589777782375,0.3475725177937637
0.9790071623000587,1.3002004628030721e-12,0.018121525045844057,0.002871312652794983
0.9995534010583597,2.3604761514902445e-10,0.00025382452815111826,0.0001927741774465143
0.4158181384285152,0.00039763548793924003,0.3495833830261829,0.23420084305735833
0.33016593608025807,0.00840898482953914,0.4411633781138489,0.22026170097636041
0.0049875551499883606,0.8585113257125709,0.03494510916501489,0.10155600997242588
0.011065433698415506,0.8348044626489713,0.059042421090530095,0.0950876825620815
0.2081664571939604,7.954802992807649e-05,0.4715146276601359,0.3202393671159716
0.129926801072013,0.19620651839820147,0.3113615707083626,0.3625051098214228
0.10110442135931415,0.0008824664272173544,0.4277211402852592,0.4702919719282079
0.1486126818471495,0.03595861377574908,0.25899627198753683,0.5564324323895713
0.00499004338997714,0.8584834489899742,0.03497037485356039,0.10155613276648448
0.42416355654577986,0.16714903335392572,0.2049567154659541,0.20373069463434468
0.1832342604260718,2.1737917622438645e-09,0.5972269791510282,0.21953875824910776
0.14109897651660444,1.2474434082291753e-05,0.4882899971482318,0.3705985519010747
0.006385019547181752,0.8536227333255272,0.04777913299642532,0.09221311413085925
0.00805494897190659,0.8419787765912423,0.0569077400500685,0.09305853438677755
0.15707844370131538,0.008408406850058168,0.48228198600176203,0.3522311634468698
0.07659168578262236,0.3705417937478453,0.22741817520482677,0.3254483452647089
0.024413631284717963,0.6572959983837547,0.1365565492415869,0.18173382108994424
0.12186699886085886,0.017474137609389453,0.5511898723135445,0.3094689912162083
