I,G,C,H
0.03501186020518112,0.0350000224770646,0.13193386830792117,0.7980542490098539
0.8507762339430989,0.035000000000037744,0.07859991540051868,0.03562385065631439
0.8949946855936077,0.035,0.03500524477312698,0.03500006963328082
0.03698938178843022,0.03682216867051923,0.32880223716732976,0.5973862123737239
0.894998820632541,0.035,0.03500116542330637,0.035000013944153044
0.03698870064579948,0.03682160569678485,0.32882456209251343,0.597365131564917
0.1334493084948902,0.03500000000000043,0.7174419863196617,0.11410870518542911
0.8947955205259797,0.035,0.03517634526193313,0.03502813421208586
0.03501588176696787,0.7799160542278305,0.04998599219026235,0.13508207181495863
0.03700183502385911,0.035,0.6811465561768757,0.24685160879926424
0.035001723713098135,0.7926114594837821,0.03698875782329176,0.13539805897980828
0.035001269920642855,0.8150434090165494,0.037770958359019634,0.11218436270377857
0.03500476846971787,0.8217885087492239,0.04181854961315631,0.10138817316790635
0.035004777756823015,0.8217285190765055,0.04183103759629281,0.10143566557039307
0.03604627884026324,0.03524641968522413,0.3563502721169184,0.5723570293575786
0.03527044398041366,0.7478657379361947,0.05849897380505234,0.15836484427832884
0.03508825383767427,0.7481760363125097,0.07334582529405174,0.1433898845557794
0.8949999621424113,0.03500000000000008,0.03500003426196158,0.035000003595612936
0.03501284019370228,0.7561263284958463,0.037148385225641976,0.17171244608480135
0.03690222669532249,0.03500000035154895,0.682196158798985,0.24590161415414544
0.036236992055416015,0.03500013907180067,0.469097400125386,0.4596654687473898
0.03592917364596948,0.03522040651717236,0.34840662089159247,0.5804437989452735
0.035005901114830804,0.6068916452467965,0.06338482648071964,0.29471762715765026
0.03500248497237173,0.8138408615168296,0.03795907832380606,0.11319757518701157
0.03500016136266678,0.803444562843581,0.03501675102631782,0.12653852476742095
0.03516750662867052,0.778756963000932,0.07260252647479126,0.1134730038956207
0.036038032280362176,0.03500000001405544,0.15656405168754245,0.7723979160180521
0.03500180543099702,0.11782897406796006,0.06764617857119185,0.7795230419298387
0.03675345457855436,0.035,0.8802974796451281,0.04794906577633609
0.03518990773416585,0.760481299827248,0.06955885390226285,0.13476993853632963
0.03578392731245746,0.03501164362237121,0.28430556459030615,0.6448988644748461
0.03621907123177636,0.4194991232298918,0.19426216227520898,0.3500196432631253
0.8949874520511633,0.035,0.03501205654237422,0.03500049140644039
0.8946544096352443,0.03500000000000042,0.035324572865362,0.03502101749938889
0.03598659359123015,0.035,0.7986589555177444,0.13035445089104505
0.035968554169812504,0.0350000000104052,0.1525673804301856,0.7764640653895776
0.04018041094611483,0.03500000000000495,0.8211186386672739,0.10370095038662747
0.03700393553773575,0.035,0.6812742559319608,0.24672180853031392
0.036317159321033236,0.035000096134773055,0.20469541006097988,0.7239873344832412
0.03509915929303685,0.5242854742684355,0.09030418978688319,0.35031117665163825
0.8829018623166651,0.035,0.044614487017366186,0.037483650666015174
0.03501777587711926,0.6823451281884098,0.06802283915131438,0.21461425678317292
0.03500093730839518,0.7483937900780883,0.049967862219449447,0.16663741039406665
0.04029863029138866,0.035,0.8775411759771329,0.04716019373149774
0.03500025328605484,0.7981783973287645,0.03837093898610229,0.12845041039910016
0.0350419234732197,0.804506551898054,0.05784068675146472,0.10261083787726982
0.8949999620761716,0.03500000000000008,0.035000034304784815,0.03500000361903947
0.03501841951383825,0.035,0.8810956384366437,0.048885942049523956
0.03650062711045248,0.035,0.8647959875342516,0.06370338535530633
0.035458339442116994,0.03505508184227175,0.2948084866885829,0.6346780920270202
0.03980276158644823,0.03544584873302422,0.47653548650628225,0.4482159031742314
0.03508758375718557,0.7212813014992255,0.06775330562621269,0.17587780911738857
0.8949874823380254,0.035,0.035012025327836156,0.035000492334144956
0.03614116554169972,0.22920282103761422,0.2696463378660049,0.46500967555466405
0.03501862662521442,0.7939731800883509,0.05112461226948045,0.11988358101697233
0.03519093104181728,0.7605947920190139,0.06947209023415735,0.13474218670499302
0.035243478649935545,0.035000000085883456,0.2742510239918894,0.6555054972723072
0.03504185211796067,0.8045344672749203,0.05783327067475427,0.10259040993237509
0.037472941334858345,0.03500000000959673,0.5796945460661309,0.3478325125894335
0.03622164069817906,0.41929122738597013,0.19451803899210499,0.349969092923732
0.03501482364059543,0.03500000835468652,0.04281013061130752,0.8871750373933979
0.038815940007463454,0.10275976638750157,0.5778131174340372,0.2806111761709848
0.03500825391377502,0.035,0.8949421370420156,0.035049609044192624
0.035027334363317356,0.035,0.8941358790063864,0.03583678663029033
0.8949288554046314,0.035000000001888916,0.03506129305814703,0.035009851535330296
0.7011080367230442,0.0350000000084624,0.22401944439257615,0.039872518875897364
0.13342135301668223,0.03500000000000043,0.7172688958854725,0.11430975109783197
0.04029620748656667,0.035,0.8775406655732811,0.04716312694013785
0.03500368178261449,0.8030033300820156,0.03874465809422924,0.1232483300411642
0.035117302547928775,0.7063578899224278,0.07339676760735768,0.1851280399222856
0.03567190929700742,0.035,0.8192129871280959,0.11011510357490047
0.035378656461352895,0.03500000004877865,0.5984723822460423,0.3311489612438295
0.035017187203700034,0.6804277482426028,0.06740879249338809,0.21714627206029935
0.03501616802669,0.7708807461692001,0.06371084983152311,0.13039223597260355
0.03675343422071413,0.035,0.8803279450529264,0.047918620726350517
0.03884863168292053,0.03500000013661316,0.5218780634497755,0.4042733047306976
0.035620804105468924,0.03500739860322752,0.26449163427892763,0.6648801630123535
0.03980642293885119,0.03544437231354006,0.47648924348795213,0.4482599612596391
0.03563241318772503,0.0350019534231895,0.17808496738408178,0.7512806660049863
0.035002468186708026,0.8036542606458622,0.04053793088562919,0.12080534028182391
0.03500110859219654,0.8531238505707346,0.038394430743174425,0.07348061009391213
0.03501585581794119,0.7799642032746239,0.049975907657366474,0.13504403325007497
0.035001852074479554,0.7974149162901746,0.04090296243339974,0.12668026920196995
0.0353787534025647,0.03500000004860852,0.598800508313371,0.33082073823544894
0.04018756750533872,0.03500000000000492,0.8212334739474028,0.1035789585472444
0.07208015410451715,0.035,0.8368148123516611,0.05610503354383371
0.038187640908394285,0.03866237551721749,0.4935245672510795,0.42962541632333207
0.03501021768181532,0.7647028365568846,0.05297301867530768,0.14731392708599697
0.03500092594982495,0.7483869394778278,0.04990552845274206,0.16670660611962954
0.16446554924494247,0.03500000000000028,0.6613958110239785,0.13913863973107995
0.8908371945241415,0.03500001323107869,0.03830761328392484,0.03585517896083523
0.03501020928973378,0.764795734887579,0.052952607454272445,0.14724144836839415
0.8949999996927557,0.035,0.03500000030085215,0.035000000006415156
0.0350261545473773,0.7840276269745543,0.05410463446403135,0.12684158401402143
0.035001372220337154,0.8509137959894587,0.038754448965838795,0.0753303828243545
0.035434920990637414,0.03500001555168002,0.767380579743107,0.1621844837145953
0.037242256715991004,0.03500000001250767,0.566997280390646,0.36076046288085395
0.8949289699278945,0.035000000001882664,0.035061193055030325,0.0350098370152132
0.03546332604421488,0.14294175209485266,0.288863808097588,0.5327311137633384
0.894999344854661,0.035,0.03500065162179754,0.03500000352353176
0.035014519403317367,0.7475894271395639,0.054969334047594534,0.16242671940954462
0.03500172939106328,0.7926171968392561,0.03699576528826387,0.13538530848142089
0.035046859156208414,0.03500000000458257,0.10490241526396946,0.8250507255752342
0.07208691569630954,0.035,0.836796986096005,0.056116098207709575
0.03545830052336537,0.0350549325838769,0.2947929812912139,0.6346937856015612
0.035001321873617625,0.734143573511601,0.040405855753348804,0.1904492488614491
0.035253745602912875,0.035,0.865233849249075,0.06451240514798408
0.0351157575284531,0.7082005110306171,0.10436954599569942,0.15231418544522932
0.8949999996944178,0.035,0.035000000299221304,0.035000000006377485
0.8829349708907503,0.035,0.044594506688841413,0.037470522420378606
0.8908611687486224,0.03500001307840176,0.038288595584088064,0.03585022258887354
0.03528849146004422,0.4067232388934604,0.12954004568383715,0.4284482239626819
0.03501645698537425,0.03500000039389203,0.1856465997205068,0.7443369429002319
0.8949999999963825,0.035,0.035000000003563195,0.03500000000005384
0.0351584906089528,0.03912908586973703,0.14766409944951686,0.7780483240718061
0.035121746770045786,0.7055353283841352,0.08633886429098168,0.17300406055483372
0.035087627938420136,0.7284536475388604,0.07496373586423935,0.16149498865848233
0.03500180404436757,0.11776354663169067,0.0676355875218325,0.7795990618021222
0.035028621394425564,0.7116575118209201,0.053894819208592466,0.19941904757605822
0.035002893894905115,0.8143005796941998,0.04250850898027723,0.108188017430632
0.8949999999999512,0.035,0.035000000000048784,0.03500000000000021
0.035521177785806296,0.035000454188551945,0.240497510691156,0.6889808573345079
0.036236317488708814,0.03500013922280919,0.469000064281429,0.4597634790070464
0.03599076875892743,0.22229268058822102,0.25771108525654474,0.48400546539630573
0.03502790322086289,0.035,0.8941212611315786,0.035850835647578225
0.03882609428766723,0.1025086368643203,0.5783903138096325,0.28027495503838257
0.0350282767491279,0.7787471341208335,0.058389679453858964,0.12783490967617245
0.03501683661771021,0.874022563338989,0.036363700882334545,0.054596899160949224
0.0350128385245398,0.7562302465864741,0.037143154216620705,0.17161376067236023
0.03508851842419936,0.035000000678249404,0.6087839394570372,0.32112754144049194
0.035463247934699044,0.14312084203647,0.28884668007280806,0.5325692299560018
0.03542817352041839,0.03500076753330404,0.1585172228341636,0.7710538361120742
0.036705866939148735,0.03500000000000016,0.45076079860877866,0.47753333445207424
0.03565489920671202,0.07492221676839395,0.2536349670058454,0.6357879170190328
0.036430070936163864,0.035164255124641206,0.2567254218915592,0.6716802520476587
0.03538348180185279,0.17420376553203884,0.36935341848804365,0.4210593341780747
0.035000537989214583,0.03726021380996791,0.05618966038278475,0.8715495878180431
0.035287485985043596,0.0350000029997995,0.7908673425014792,0.13884516851372405
0.035000219947334286,0.795064561654958,0.03502194874897754,0.13491326964874967
0.8949945547471913,0.035,0.035005373921549614,0.035000071331266334
0.8946534956793184,0.03500000000000042,0.035325467076979,0.03502103724370026
0.03502823960372255,0.7788060070983066,0.05837665210294894,0.12778910119504283
0.03501497021919483,0.03500000827459048,0.042787283909089674,0.8871977375971066
0.03500053700752495,0.037259833011325044,0.05618248063195167,0.8715571493492112
0.035000253716695746,0.7981418881552064,0.03837555864557489,0.1284822994825464
0.03500238812546332,0.8279073689957109,0.045165271999039955,0.09192497087980231
0.8949999993321773,0.035,0.03500000065249469,0.03500000001531276
0.03513879829788122,0.03500000007733799,0.5643652336019652,0.36549596802283696
0.03508385765372056,0.4926123699605066,0.09072297010435221,0.38158080228142
0.0352878842805563,0.40703694480944386,0.12943868604666656,0.42823648486334537
0.035016474847334673,0.03500000039474476,0.18573722807806636,0.744246296679843
0.035014493961853584,0.7477141160878145,0.05494365593207922,0.16232773401826867
0.03538368957650028,0.17420851478800709,0.36939885097029435,0.4210089446651934
0.03501179905103598,0.03500002261504948,0.1313669361887832,0.7986212421451399
0.03501616271239399,0.7707938746454045,0.06373920395348094,0.13045075868871098
0.03626368733347392,0.03500002081329339,0.6424092420918438,0.28632704976139756
0.03510554369218688,0.7053801898999776,0.08335602326689556,0.17615824314095882
0.16424248080566364,0.03500000000000349,0.6421933581669664,0.15856416102735535
0.035002463256906764,0.8037165904307415,0.04052724474601009,0.12075370156636445
0.03818717677564084,0.038662636925280186,0.49350166103944826,0.42964852525964514
0.03672597186701555,0.03500022767665243,0.225084524056676,0.7031892763996525
0.03512032691647185,0.03804893174849326,0.13965310336033834,0.7871776379746901
0.03670562766122032,0.03500000000000016,0.45069115191722825,0.47760322042154296
0.03649885314799332,0.035,0.8649933458615481,0.06350780099044573
0.8949988202122254,0.035,0.03500116585442912,0.03500001393333882
0.035002384297585336,0.8279340304917618,0.04515540178099607,0.09190818342965776
0.03516400393381385,0.7417862851109912,0.07700587489775412,0.1460438360574182
0.03500132555478625,0.7340884752306284,0.04041373025909034,0.19049646895551164
0.03501685573338824,0.8740192063566392,0.03636767616588583,0.05459626174408774
0.03516758855499144,0.7787505411661809,0.0726069971930568,0.11347487308575915
0.0355220412216348,0.03500045281556101,0.24017980502732406,0.6892977009354866
0.03527069437894094,0.7478637052812357,0.05849230019341258,0.15837330014639533
0.03509721648954018,0.035,0.845433438583427,0.08446934492703276
0.8949999993218626,0.035,0.035000000662523054,0.03500000001562474
0.03500590001009921,0.6067160474136298,0.0633944363146269,0.29488361626164117
0.03539975562805941,0.035,0.8549596624647015,0.07464058190721487
0.03524290793042962,0.035000000085839034,0.2740777476969956,0.6556793442867151
0.03508773172308607,0.728376516795255,0.07499416943847853,0.16154158204317048
0.0351159139975874,0.7080586792955876,0.1044281200312275,0.15239728667561703
0.035001840837541216,0.79755408854883,0.04088438571768696,0.12655968489595504
0.03500290554309744,0.8143375969325658,0.04252065828232312,0.10813883924202572
0.8949993446896731,0.035,0.03500065178699418,0.03500000352331869
0.035097868374227854,0.035,0.8453450992627015,0.08455703236309459
0.038801473503905885,0.035000000073862676,0.5431203893738942,0.3830781370483248
0.0350082323372102,0.035,0.8949422959396388,0.03504947172313684
0.035108234994146593,0.035000001626154846,0.5849119060644631,0.34497985731523717
0.8947956888980524,0.035,0.035176202885710356,0.035028108216257084
0.8949999999999512,0.035,0.0350000000000489,0.03500000000000022
0.035028571726818634,0.7117798916270334,0.05388727439719223,0.1993042622489724
0.036771544640825764,0.03523588260582712,0.27665787039458134,0.6513347023587457
0.8949999999964803,0.035,0.035000000003475126,0.03500000000005207
0.0351191395357635,0.03500000003311575,0.5869982645852238,0.3428825958458901
0.03565309973715701,0.07502622964113456,0.2533673027053147,0.6359533679164053
0.03501809281107715,0.035,0.881219427005903,0.048762480183017896
0.036261921656178274,0.03500002084860897,0.6421118439703681,0.286626213524839
0.035164214096936756,0.7417281388126659,0.07702966449851978,0.14607798259188076
0.03510855159321311,0.7319999857593025,0.07806352078640792,0.1548279418610904
0.035001267577203364,0.8150507261875781,0.03776560766516136,0.11218239857005924
0.035085860371146145,0.035000000033406774,0.12097072137753499,0.8089434182179298
0.03689900659251408,0.03500000035331928,0.6821658582459628,0.24593513480822088
