I,G,C,H
0.8948642860780467,0.035000000000000094,0.03512990027951903,0.035005813642433777
0.8949235338205618,0.03500000000014229,0.03507344055616291,0.03500302562313331
0.236004683808497,0.03500052549377996,0.6677618990239012,0.061232891673822724
0.13178254583448573,0.03514399661407792,0.7259706877075354,0.10710276984390092
0.037114160125067415,0.6999460893032073,0.13327239711677688,0.12966735345494776
0.05715446274184814,0.2245664804843341,0.2323277906649382,0.4859512661088809
0.05852298009876415,0.6435746021019952,0.17996588766716312,0.1179365301320783
0.11901303080077585,0.03500000107398945,0.7374901292414322,0.10849683888380306
0.8822410410997819,0.03500646972430317,0.04567441802019148,0.03707807115572331
0.07306904305778059,0.0350271395922098,0.8397426442243456,0.052161173125665615
0.10276998403449011,0.05784291184746484,0.6238447892031591,0.21554231491488615
0.11210632474721745,0.4622079383069313,0.22379165460400788,0.20189408234184408
0.30261516662062915,0.051447969037694455,0.5646124981516998,0.08132436618997822
0.16354953160138777,0.03736311355907668,0.5733085377950122,0.22577881704452324
0.06146408566812111,0.04582498457871296,0.4623069626094915,0.4304039671436751
0.14787055663364254,0.035000000000000094,0.7788057695546203,0.038323673811735834
0.8530732007495159,0.03501233249161858,0.07228646411454748,0.03962800264431749
0.052675542966504355,0.2728362597619502,0.37708198897751466,0.2974062082940316
0.11309505321301916,0.29799661989699283,0.38179656751296925,0.2071117593770201
0.03992267118522976,0.7614465823304488,0.09629326465545628,0.10233748182886405
0.04537362256520046,0.7362216495517376,0.08458658685574565,0.13381814102731682
0.03837089446697947,0.7278373450592537,0.11563490223491062,0.11815685823885744
0.30095428900482607,0.05497986980473009,0.5462453646078985,0.09782047658254524
0.04602435843831019,0.625632783346187,0.21473131453723632,0.11361154367826769
0.07931142549122677,0.5376868278779665,0.27661077214909274,0.10639097448171174
0.05595535401752798,0.2133401902884833,0.22791734136460967,0.5027871143293795
0.1093996941274536,0.45709831811944823,0.21659439295413394,0.21690759479896699
0.2403952929791515,0.0350011293060122,0.6673132575260106,0.05729032018882593
0.2553387478814894,0.037306458746151586,0.3768139279266247,0.3305408654457353
0.09086904699210781,0.05516307607683732,0.5422593703705241,0.3117085065605296
0.03721297105451102,0.8038127455821781,0.06624798542377752,0.09272629793953185
0.09182792237713464,0.0350000106622298,0.7991879847984764,0.0739840821621593
0.11863248762909587,0.03500000316595372,0.7401349356994519,0.10623257350549883
0.06998190092341142,0.5034273360703925,0.3116301166500743,0.11496064635612224
0.8398757455985905,0.03500000010138402,0.08733068129184311,0.03779357300818219
0.06207583623986507,0.5227652066149442,0.2855869200424733,0.12957203710271764
0.894998846039732,0.035000000000000094,0.03500111352245143,0.035000040437815495
0.10762326925813337,0.035000000002107706,0.8120722975307305,0.045304433209029445
0.03854926614386014,0.6617887046568178,0.15314416651846194,0.1465178626808611
0.04526307876451874,0.18690136883046343,0.6229891315168492,0.14484642088817026
0.09425159088377065,0.4954603084671368,0.30522344363897164,0.10506465701012152
0.22750961375033898,0.03500000000000012,0.6504712511413103,0.0870191351083518
0.09738158577926771,0.035000010190134746,0.7947081573083419,0.07291024672225657
0.2170615422542521,0.03804347715210143,0.6560483313173309,0.08884664927631679
0.04205163822104738,0.7400797815014459,0.09528895763389406,0.12257962264361286
0.8949998541859769,0.0350000000000001,0.03500013833565431,0.03500000747836921
0.03839132754178324,0.3775643619698429,0.2113790513409509,0.37266525914742377
0.844373820822803,0.03500000002368844,0.08401500050728496,0.03661117864622182
0.09058543836647981,0.22386548891868074,0.5399208509435838,0.14562822177125662
0.8942618934621562,0.03500000112429116,0.03566107411709174,0.03507703129646033
0.04141794521198976,0.7226713807581168,0.11481937277638882,0.12109130125350587
0.03945693718632729,0.5680944276819523,0.15678249994067117,0.23566613519104906
0.1539013735263462,0.03500108676800675,0.7535417236998763,0.057555816005770255
0.197617108557564,0.03500013369748285,0.6154887096698414,0.15189404807511311
0.05885064168700287,0.03500181917047365,0.7398526663444084,0.16629487279811625
0.057302843670186884,0.03500090814281689,0.755074546061882,0.15262170212511453
0.0390105370952014,0.3963822695995983,0.22011241534289275,0.34449477796230765
0.046136260035069945,0.6142496619117062,0.21235667827726248,0.12725739977595973
0.10413205897178798,0.035849438127880044,0.7912537504709033,0.06876475242942924
0.3011116232954384,0.053997975891134135,0.547997190345242,0.09689321046818464
0.10879910225707075,0.03864477761785921,0.6541655433550738,0.1983905767699971
0.037959487721528413,0.807240621787114,0.061520289527136444,0.09327960096422039
0.8459306559826021,0.03500000000740487,0.08256720880805087,0.03650213520194352
0.32119516804545184,0.035000000000030465,0.5958991501976797,0.04790568175683782
0.20771219843633612,0.05577069133360357,0.45709009077029455,0.27942701945976617
0.8949998634268813,0.0350000000000001,0.035000129197975405,0.03500000737514396
0.15298362917724756,0.03500098595219658,0.755703639939057,0.056311744931500075
0.046074964463219355,0.20474441560315657,0.5980072068674492,0.1511734130661753
0.14176313213093542,0.035000000000000094,0.7765262317825488,0.04671063608651612
0.3169182114658497,0.03500000000002928,0.6014733367965204,0.046608451737598464
0.06277626608519075,0.04525551960301894,0.49809862886007705,0.3938695854517135
0.036205182734996344,0.6938807923210364,0.12039368554259727,0.149520339401369
0.16511798672686281,0.0350000000000003,0.7437443988079082,0.05613761446522782
0.8940541261622136,0.035000000000000094,0.03589888044209855,0.03504699339568706
0.8949966077550239,0.03500000000015952,0.03500324829928032,0.035000143945536716
0.039921274745181985,0.5727256747716402,0.16033998331189675,0.227013067171281
0.877547612128277,0.03500026514025233,0.05170363651219738,0.035748486219272235
0.03793989299257179,0.8074942499680485,0.06170277679481855,0.09286308024456065
0.048115494070624314,0.7102705585201293,0.10001472587472283,0.1415992215345236
0.17566099562680193,0.035000000000000114,0.739309727595817,0.0500292767773801
0.17960007418570792,0.03500000000000018,0.7353974409257202,0.050002484888572084
0.8942922957703914,0.035000000939079075,0.03563955048397255,0.03506815280655786
0.1902001126329217,0.03500011526269136,0.6169188976280906,0.1578808744762961
0.8949986503489992,0.035000000000000094,0.03500126638244799,0.035000083268553174
0.20284277356612196,0.035733005090614174,0.6286023236689564,0.1328218976743088
0.0668959671219101,0.49097927403231056,0.32771235923179354,0.11441239961398503
0.8844350234669754,0.03500000374191223,0.04441230823449487,0.03615266455661639
0.8786240061786033,0.03500009907599371,0.050786327011592115,0.035589567733809814
0.7060565861413679,0.03500043311689173,0.20920039775958485,0.049742582982155996
0.11361084731384023,0.035000000000000094,0.8012676838699376,0.05012146881622272
0.11796065718792985,0.03938713767786862,0.6505789502548108,0.19207325487938853
0.2277448988503274,0.05642697272888829,0.45777999808391584,0.2580481303368691
0.8550137213841803,0.035117233785542545,0.06978751081488704,0.04008153401538962
0.05269505459710706,0.1587756989059216,0.370049967975468,0.41847927852150213
0.8133911369294546,0.036580591549226764,0.10148925052554843,0.048539020995769934
0.894828251618741,0.035000000460412545,0.03516071606381877,0.03501103185702594
0.2630677925013634,0.05670115920417979,0.5856161775676301,0.09461487072682949
0.16105202739879249,0.03699966796649986,0.5841849760076551,0.217763328627054
0.036970002374914074,0.8096000224246594,0.06304541736366252,0.09038455783676339
0.08068804990235541,0.5322869641366507,0.27215375737683084,0.1148712285841631
0.20896022152388,0.03500001192102734,0.6595235004086061,0.09651626614648584
0.14631353427489888,0.17405479915416996,0.49433771947693045,0.18529394709400107
0.8841851428373414,0.03500334884348658,0.044216607173809125,0.0365949011453633
0.8949999999999292,0.035000000000000094,0.03500000000007058,0.03500000000000234
0.15871735150591382,0.035000000000000094,0.7669871148355515,0.03929553365853411
0.8942939788404858,0.035000000000000094,0.03568104665455629,0.035024974504956695
0.2499507192137467,0.0872455301904182,0.5377192457201015,0.12508450487573453
0.0643275543510188,0.49637361654964596,0.32251774527217875,0.11678108382715735
0.16908298674897565,0.04427371500345835,0.5968843657322019,0.1897589325153644
0.104859987681368,0.3007205697925994,0.3691927435595068,0.2252266989665252
0.04088604334322414,0.7296435879787215,0.10934876374415756,0.12012160493389633
0.09292420329561249,0.23326297984579056,0.5320440504489689,0.14176876640962907
0.2045527433093534,0.03500002720836288,0.6637018654381727,0.09674536404411001
0.8947988402407677,0.035000000569331925,0.03518760711824598,0.03501355207165574
0.04625233972319501,0.6186039796090903,0.2200790199336459,0.11506466073406822
0.857084640538927,0.035005364077311585,0.06904775422381468,0.03886224115994348
0.852684621364428,0.03513957359289497,0.07209043789232837,0.04008536715034827
0.12921042087008008,0.0391260319268589,0.6322188584143846,0.19944468878867688
0.09957750252888489,0.03500001948697412,0.7922078216329225,0.07321465635121922
0.0843214766500733,0.524555278674582,0.2856275439818729,0.10549570069347115
0.08965703259393354,0.045607122575950364,0.5042268502282122,0.36050899460190505
0.8928413615019156,0.03500048467924886,0.03690657543538531,0.03525157838344938
0.05705862887334574,0.10315211358285187,0.6144779410022602,0.22531131654154368
0.8120969154442337,0.035001292762438754,0.11073988966136605,0.04216190213196122
0.03691598275619439,0.7021345212526856,0.13220089508349894,0.12874860090762
0.8946679004590962,0.03500000000083885,0.03529673256723432,0.03503536697283151
0.03884471764672861,0.659488114097686,0.1558373730557257,0.14582979519985906
0.08796543695476368,0.055434099854802084,0.5255707186342332,0.331029744556202
0.08153397757874899,0.045740687234590745,0.4944702274567064,0.378255107729954
0.8947272280941511,0.035000000220721264,0.03525383031913748,0.03501894136599317
0.037397593276033515,0.8464054592365882,0.05839795373904519,0.057798993748332805
0.17166384644897797,0.03500000000000143,0.7337042110662659,0.059631942484756194
0.06487552532274996,0.03954506773926913,0.6438842279205066,0.25169517901747396
0.0352723580252363,0.7705732160160237,0.0732804681067236,0.12087395785201563
0.8045033341984498,0.03671866751479532,0.1089490245699624,0.049828973716794775
0.07377720019691836,0.12298344785786101,0.5561366207479634,0.2471027311972566
0.08335917375303707,0.45751654154658533,0.2763792868457535,0.18274499785462317
0.06909849797195217,0.5097442193664512,0.3067275603379212,0.11442972232367554
0.04187174136451484,0.7412150478785873,0.09472698074124777,0.12218623001565003
0.8945465347213098,0.035000000004190776,0.0354117757137359,0.035041689560763416
0.09547203608631444,0.4968635618513509,0.30523681796024243,0.10242758410209056
0.14695390593460175,0.17728018695216222,0.49449233188462977,0.1812735752286047
0.8808460802545237,0.035000050876595974,0.04585683451525373,0.03829703435362794
0.03954522125776656,0.7632595658771381,0.09319371760728691,0.10400149525780812
0.045927451489421636,0.6274703547311371,0.2047693617922326,0.12183283198720771
0.8949994495762705,0.03500000000031634,0.03500051264614315,0.03500003777726939
0.8850496712591185,0.035000008298035186,0.043754158577205556,0.036196161865641986
0.20212808499904625,0.0356830204698392,0.6286292494370422,0.1335596450940726
0.8041090877710849,0.03500000148935603,0.12025697056372181,0.04063394017583808
0.035253458865501,0.7729754292049478,0.07171275211861135,0.12005835981093974
0.05969416647021908,0.6395704329573655,0.18472081586928288,0.11601458470313201
0.06059035439085751,0.03500018645142713,0.8195005099591889,0.08490894919852782
0.1394613617639198,0.035000000000000094,0.7804879623701133,0.04505067586596876
0.8923164909426604,0.03500004703795297,0.03734930588398066,0.03533415613540698
0.05282169553706328,0.5669780207612753,0.2580022965309916,0.12219798717066992
0.06771093395319383,0.04035738451376906,0.6295029914760755,0.2624286900569621
0.254718382375575,0.037856034133527595,0.37772281496219334,0.32970276852870417
0.09153268845648208,0.03575064419741008,0.8081014820089095,0.06461518533719594
0.05010177090876983,0.23018770213565706,0.3760074325908874,0.3437030943646839
0.037672158951028135,0.842059770441058,0.061544991554988375,0.058723079052925994
0.8777199386137393,0.035000103206955166,0.04782639578957089,0.03945356238973646
0.06418350489002927,0.12402058737581532,0.5971851734768605,0.21461073425729502
0.892719938683703,0.03500060141594367,0.037003495867365725,0.03527596403298661
0.8949975720145408,0.03500000000001338,0.035002370028507965,0.03500005795693911
0.700019428333004,0.035000194726624495,0.21528326834684244,0.04969710859352791
0.2228869288502978,0.10675400832900082,0.5348703179286904,0.1354887448920098
0.08897744599629533,0.03500000830569016,0.804537848310966,0.07148469738704802
0.11273115361798869,0.035000000000000094,0.8022212241346516,0.05004762224735897
0.06008460820618434,0.5253388315729761,0.2866842813400772,0.12789227888076166
0.894999408324394,0.03500000000037617,0.035000547025823454,0.03500004464940643
0.8947403317366737,0.03500000025532839,0.03524015501707163,0.03501951299092619
0.12787620424078747,0.03519269093183885,0.7331441726362226,0.10378693219115044
0.04971592471896522,0.12509866058884586,0.3526729290222443,0.4725124856699452
0.09374889142635903,0.05861510430306102,0.6162832198389498,0.23135278443163076
0.09787181603527556,0.03500000072934416,0.8106525284413076,0.05647565479407282
0.8923477218223616,0.035000042512464156,0.037322931528501614,0.03532930413667232
0.04124362696875388,0.5891930602148119,0.24598005560218986,0.12358325721424485
0.0800242831121402,0.4572324164682084,0.2662945291030896,0.19644877131656088
0.05220293440353951,0.5760712019766328,0.2557284251615338,0.11599743845829455
0.8948881391576842,0.035000000000000094,0.03510909093509654,0.03500276990721855
0.03822215011011203,0.7236758022840345,0.1153533288197095,0.12274871878614362
0.036195474247795956,0.692231644497884,0.1194320123185778,0.1521408689357414
0.06452862266056139,0.03500024528623979,0.8130837750076597,0.08738735704553834
0.07106393715426637,0.12002861974429839,0.5619395514998115,0.24696789160162352
0.12718197855297034,0.03896082330707039,0.6352998597940785,0.19855733834588235
0.16899994776706426,0.04675383357921976,0.6108026527894119,0.17344356586430304
0.06802684194824546,0.035013322698637016,0.8483740132062807,0.04858582214683743
0.22656989086891335,0.03775659525119575,0.6485599770739258,0.08711353680596327
0.8949999999999447,0.035000000000000094,0.03500000000005587,0.03500000000000196
0.0657533441389098,0.49909080465011696,0.30403895497691014,0.13111689623406397
0.06082346048021485,0.5269886750821016,0.28807808849720556,0.12410977594047791
0.8946479411097199,0.035000000000367744,0.03532710332874727,0.03502495556116439
0.11343405633466881,0.03500000000263106,0.80510250113314,0.04646344252956013
0.10245667385693503,0.03500000159650747,0.8047290116166039,0.05781431292995404
0.894554126486575,0.035000000002002554,0.0353992514507878,0.03504662206063526
0.04079940438433506,0.6101037168929301,0.23403574681540626,0.11506113190732871
0.8274422098320791,0.03500041628316252,0.0972592186098669,0.040298155274890106
0.2233826783257159,0.035000000000000094,0.6532856625508643,0.08833165912342113
0.8949150934091594,0.03500000000016907,0.035081373474757364,0.03500353311591393
0.07843325208457796,0.5431986823523859,0.25729633086752984,0.12107173469550689
