I,G,C,H
0.8947541546863234,0.03500000020380815,0.03522196638357972,0.0350238787262878
0.8948011581179041,0.035000061066111914,0.035173079212938406,0.0350257016030461
0.2404128078553149,0.03501910496267355,0.6639818693768228,0.060586217805187116
0.12698229675091574,0.03519007811373607,0.7318011847888346,0.10602644034651419
0.036952340103806686,0.7050283249784712,0.1291622078502542,0.12885712706746882
0.05563536660412463,0.2164061821012699,0.2270891615561223,0.5008692897384831
0.058368226726818316,0.6498604534461624,0.1763709711728442,0.11540034865417513
0.12176077827725396,0.035000050894371526,0.7366192163422541,0.10661995448612
0.8821720584851132,0.03504421797897704,0.04581334711109918,0.03697037642480941
0.07189216110124536,0.03503040861278888,0.8412548406646538,0.051822589621311636
0.10180479325483846,0.0606074108650225,0.618017653474922,0.21957014240521747
0.10952355955275313,0.4601788059063107,0.225999032025687,0.20429860251524828
0.29656981455658393,0.05202286519041707,0.5680704617386906,0.08333685851430814
0.16006469085892364,0.03755307321276919,0.5798009998441133,0.22258123608419236
0.06087400899903064,0.046541173878923515,0.4582666639988101,0.4343181531232348
0.1449808572418112,0.03499999999999983,0.781689693549496,0.03832944920869262
0.8559670528361389,0.03505080199622609,0.06997421471083487,0.03900793045679994
0.052124480142332,0.2640146589400297,0.37375221132343284,0.3101086495942052
0.11330743976406915,0.29775559504097654,0.37379678252080994,0.21514018267414495
0.03935882100347349,0.768624700730065,0.09114455325111498,0.10087192501534553
0.045641291672793856,0.7329713744857069,0.08646933804630925,0.13491799579518973
0.03813837238958664,0.7305671690342056,0.1133472428725237,0.11794721570368408
0.3045980444843423,0.05383066434318307,0.5466875360012431,0.09488375517123214
0.04547082546204057,0.6352667032808571,0.2091225758601509,0.11013989539695133
0.08224027329620935,0.531692928460985,0.2790325572935156,0.10703424094928952
0.05633376655538298,0.21636217852402123,0.22690046212925916,0.5004035927913373
0.11166267970457845,0.4515305209850957,0.21642081183021733,0.2203859874801074
0.23666032392978387,0.03501946996331886,0.6706509976504308,0.05766920845646778
0.24865930732061903,0.037664950898471966,0.37072570961178763,0.34295003216912084
0.09143350071086608,0.05497050801707615,0.539462266576388,0.3141337246956695
0.03733828131068868,0.8012050499442204,0.06807618711974854,0.09338048162534271
0.09423885658132526,0.03500319626549147,0.7962559645443159,0.07450198260886824
0.11999887961607349,0.03500145160587539,0.738348497391272,0.10665117138677979
0.07083549606345133,0.5000178452713533,0.31332937306485253,0.11581728560034268
0.8367071254726861,0.03500000079480677,0.09035935616766254,0.03793351756484493
0.06349301145714345,0.5187948093462934,0.2877239017060835,0.12998827749048025
0.8949962050477689,0.03499999999999984,0.03500344499355166,0.03500034995867937
0.11069572963972225,0.03500000007393388,0.8090932131182959,0.04521105716804639
0.03852981850829054,0.6648731518437494,0.15176046543078733,0.14483656421717261
0.04549434384920409,0.1956306606982293,0.6128742898829469,0.14600070556961942
0.0939636713448889,0.502760874658899,0.30171181453462986,0.10156363946158276
0.22610193980883952,0.03500000000043459,0.652059563661861,0.08683849652886526
0.09953904056920947,0.03500020847321561,0.7918241608809132,0.07363659007666332
0.21726700276691477,0.038203484988394695,0.656496546158205,0.08803296608648584
0.04227166071961633,0.7432244987121518,0.094627568512869,0.11987627205536386
0.8949995369443169,0.035000000000111824,0.03500042301341772,0.0350000400421506
0.038118693655259855,0.36200547894279056,0.21076441666539267,0.38911141073655703
0.8446441328873645,0.03500000195762048,0.08382977943433977,0.03652608572067432
0.08988298452429153,0.23172916669477536,0.5303581957545052,0.14802965302642823
0.8943793427132684,0.035000000568322726,0.03556846782575178,0.03505218889265655
0.04080882952524445,0.7294957966289082,0.10941047435149279,0.12028489949435545
0.04001907517769732,0.5730533488913345,0.15759091455306642,0.22933666137790182
0.15060195436665985,0.03500296414136104,0.75866141047598,0.05573367101599895
0.18923353679410615,0.03500737344414371,0.6192636936409383,0.15649539612081179
0.0583273226556001,0.03500163032570492,0.7410849502230349,0.16558609679566225
0.05780176656739811,0.03500338030660635,0.7546626041327376,0.15253224899325793
0.038796998933892275,0.3934989206618541,0.2175997803884908,0.3501043000157637
0.046343180620017715,0.6179915525760306,0.21148265072541886,0.12418261607853188
0.1012852488406642,0.035793635850037114,0.7968147136994391,0.06610640160985928
0.29693675020461363,0.05412559967771063,0.5518671048015732,0.09707054531610165
0.10853439642987889,0.03869747704039079,0.6605244601920892,0.1922436663376415
0.037813197970742236,0.8085661160785255,0.06138824992863733,0.09223243602209599
0.8492891028559262,0.0350000000199981,0.07950323952696543,0.036207657597110664
0.31662315966028803,0.035000000027274464,0.6017377146807215,0.04663912563171504
0.20122968856620363,0.05656193223520399,0.4590978922249297,0.28311048697366176
0.8949916030383394,0.03500000035252597,0.03500707616904871,0.035001320440084506
0.1562627492236128,0.03500175185123543,0.7527803987121691,0.05595510021298299
0.04552852320589968,0.19601620237277526,0.6135003187737927,0.14495495564753222
0.14311289626848536,0.03500000000782561,0.7751715985258274,0.04671550519786046
0.31638099564338484,0.035000008056592063,0.602552280137086,0.04606671616293742
0.06366126559161168,0.04708354719732506,0.4872760878051176,0.40197909940594495
0.036198231597688986,0.6936293970986875,0.12018477343646024,0.14998759786716515
0.16959009545380233,0.03500000000000005,0.7403981796850716,0.05501172486112791
0.8937299602038137,0.035000000060544004,0.03618537964714584,0.035084660088495416
0.8949644490165484,0.035000030820770564,0.03503009640713753,0.03500542375554268
0.04005004948627684,0.5681153065691272,0.16044501014203405,0.23138963380256194
0.8781070751252774,0.03500075295293927,0.05125292061663989,0.0356392513051448
0.03794683220281784,0.8083153831247689,0.06238228437195355,0.09135550030045994
0.04720783304213501,0.7140144767577455,0.09646396848310558,0.14231372171701384
0.1779826264758608,0.03500000062464303,0.7375993259908262,0.04941804690866866
0.17965009641437188,0.03499999999999993,0.735548134228649,0.0498017693569804
0.8940834029016635,0.03500120517983629,0.03579388274176401,0.03512150917673614
0.19095569950384708,0.03500723546877826,0.6170995517167054,0.15693751331066977
0.894996146386436,0.03499999999999984,0.03500349988776679,0.03500035372579608
0.19928647734804328,0.035683717320301706,0.6330280783557097,0.13200172697594587
0.06419520731589048,0.4987253925895703,0.3235301483366043,0.11354925175793412
0.8845971091157588,0.03500226337984856,0.04415603228081636,0.036244595223576814
0.8787130078990054,0.03500103387419441,0.050663708431355,0.03562224979544492
0.7087366428816394,0.03501082625842165,0.20771286101537126,0.04853966984456693
0.11382303758283036,0.03500000002580524,0.8024428278902815,0.04873413450108229
0.11800105404408331,0.039378881767370394,0.6473822024652732,0.1952378617232729
0.2272867960123273,0.055150862489768096,0.4570806300222614,0.2604817114756426
0.8494133942150521,0.03525455216988327,0.07470100853643082,0.040631045078634555
0.05279740289098823,0.16182846130279338,0.36594144014125873,0.4194326956649596
0.8113519164959215,0.03658842939785166,0.1038405756610809,0.04821907844514634
0.8948152318569386,0.0350000048558054,0.03517261128056187,0.03501215200669546
0.268107771780864,0.057025182267141435,0.581422426727928,0.09344461922406605
0.16252732853027102,0.03741453912402836,0.5794201139007178,0.2206380184449831
0.03677434841301387,0.8152360496318793,0.061121574946121075,0.08686802700898663
0.07895963079116139,0.5330541548098451,0.2690754626502675,0.11891075174872676
0.21180361395551656,0.035004648099042045,0.6542497459309745,0.09894199201446688
0.14586809181447408,0.17122390472068758,0.4984966849202188,0.18441131854461948
0.8833232587535094,0.0350390323864571,0.044936289731447095,0.03670141912858666
0.8949999999888065,0.03499999999999983,0.03500000001009034,0.035000000001091956
0.1607834867960636,0.03499999999999983,0.7655048098117856,0.03871170339215128
0.894145425973969,0.03499999999999983,0.03582568045426818,0.035028893571764266
0.24970184410651972,0.08435021159517532,0.5407278836824866,0.1252200606158175
0.06473905433142628,0.4978638597763784,0.3224377562527666,0.11495932963942859
0.16856178991219023,0.0436655069524795,0.5984948384092481,0.18927786472608282
0.10652894176636371,0.29477387213476497,0.3678456251945705,0.23085156090430017
0.040970204284881774,0.7257082998130555,0.1118132525079608,0.12150824339410235
0.0966122079980318,0.22542642071725247,0.5391358669535942,0.13882550433112137
0.21194295412384975,0.03500491868090988,0.6523318071806694,0.10072032001457151
0.8946315752323067,0.03500099335207783,0.03532017346226592,0.03504725795334794
0.046811480140634174,0.6123869142791833,0.22530316318858945,0.11549844239159475
0.8582002847792644,0.03500600728495295,0.06821530485165356,0.03857840308412819
0.8507989124672464,0.03523913569471474,0.0735240481580131,0.040437903680025165
0.12967235630469504,0.03841072168434931,0.6392493502372747,0.19266757177368052
0.09948439073321795,0.035000209095917646,0.7935550430505234,0.07196035712034038
0.0831160096646743,0.523288895121014,0.2896801111629804,0.10391498405133136
0.09061214788558089,0.04643265793124329,0.5060922708968961,0.3568629232862799
0.8923887614707182,0.03501730676868384,0.03727718609823564,0.03531674566236098
0.05941374223647987,0.11512414185424857,0.5981174891866151,0.22734462672265573
0.8158851388573589,0.0350164036196488,0.10773930541176535,0.04135915211122628
0.037092590793627894,0.700442742514054,0.13264301881632473,0.12982164787599432
0.8945398939583431,0.0350000000097838,0.03541156815802923,0.03504853787384433
0.03854438089034408,0.6652109402840068,0.15163413973800222,0.14461053908764746
0.09027096927732094,0.05470335119105199,0.5171809824108302,0.33784469712079546
0.08074055713497437,0.04441188223976844,0.49207472515754475,0.3827728354677112
0.8946338040007507,0.035001412897243324,0.035310726893118,0.035054056208888774
0.037631216807241186,0.8418042465083028,0.06104619429530347,0.05951834238915201
0.17525554982881553,0.03500000000026646,0.730925525308916,0.05881892486200199
0.06514114455724171,0.0395820924762634,0.6387765167556371,0.2565002462108576
0.035268555261777995,0.7730055768644495,0.07229020554723614,0.11943566232653682
0.8109957921916954,0.03655568495221245,0.10428785970636421,0.04816066314972828
0.07246352690267287,0.12234674934342907,0.5529234583489938,0.2522662654049046
0.08014841644739033,0.45962303916696784,0.27089154079411504,0.18933700359152683
0.07107658140686438,0.5029265324022156,0.3095259107488324,0.11647097544208679
0.042177633880769526,0.7349952528844963,0.09582240017813438,0.12700471305659936
0.8946717064000836,0.03500000000364988,0.03530382995793272,0.03502446363833323
0.09428400925494505,0.4993218546298869,0.30520864376258383,0.10118549235258416
0.1455046644109035,0.17107054687514273,0.4975112441701941,0.1859135445437605
0.8799000490487215,0.03500010910169046,0.04651079383099732,0.03858904801858989
0.03937049711312056,0.770636676173869,0.09018959514519254,0.09980323156781727
0.04629941832774937,0.6207160414334035,0.21012865368194758,0.1228558865568994
0.8949975897565365,0.03500000050017214,0.035002027946559544,0.03500038179673035
0.8865613983402699,0.03500000332394138,0.04254113527573338,0.03589746306005542
0.20301109487851493,0.035851986304288035,0.6299360613112273,0.13120085750596883
0.8044090428837437,0.03500100884798713,0.12030857029944003,0.04028137796882837
0.03527715905184932,0.7717862492165734,0.07260069509381085,0.12033589663776507
0.05871264700808325,0.642694139061765,0.18210478941978667,0.11648842451036401
0.06242582054937147,0.03500843352904766,0.8188069244013322,0.08375882152024727
0.13907545075310115,0.03499999999999983,0.7812973331466677,0.044627216100232216
0.8921297603675871,0.03500542565793951,0.03749914426257123,0.03536566971190249
0.05181607322658971,0.572426166083317,0.2572766398022059,0.1184811208878877
0.06490256324377894,0.03997691704855179,0.6385684621686868,0.2565520575389819
0.25370948683877553,0.03774088117353541,0.36588666538246867,0.34266296660522105
0.09294353351855,0.03572745101165893,0.8077187144000028,0.06361030106978846
0.05061311623889749,0.22673687639944642,0.3735648361869775,0.3490851711746791
0.037617737029042274,0.8417262237296694,0.06124161607225354,0.05941442316903418
0.8767476907304631,0.03500066590635151,0.04868979673636352,0.03956184662682208
0.0625819244757128,0.12041050387195402,0.6013397401805707,0.21566783147176208
0.8929263007991627,0.03500031819965788,0.036875487447147845,0.03519789355403041
0.8949961624187774,0.035000000011251885,0.03500359827085565,0.035000239299114
0.705485743217485,0.03501118948481925,0.21034908739231628,0.049153979905379404
0.21284335073017605,0.10860244514086152,0.5432330891043607,0.13532111502460042
0.09304550493375512,0.035000180803360634,0.799479283440802,0.07247503082208288
0.11447509908743635,0.03500000000000774,0.8017502265730316,0.048774674339524676
0.0600563921271653,0.5269792810598657,0.28362132092862,0.12934300588434883
0.8949759660904295,0.035000107465944126,0.03501860747687597,0.03500531896674923
0.8947415014160476,0.035000001347372266,0.03523783743682986,0.03502065979974999
0.12704682401909437,0.03528978133153326,0.7326884126698185,0.10497498197955468
0.049154156834235345,0.1246056648478737,0.3466192778736363,0.47962090044425487
0.09367172403727192,0.05865341879456817,0.6114608773201174,0.23621397984804227
0.10014016149417355,0.03500002929004825,0.808602003991712,0.056257805224065774
0.8921076419768634,0.035005514356859994,0.0375025115549569,0.03538433211131858
0.04117742108301397,0.5959225489786141,0.24204734107525705,0.12085268886311411
0.07680594913968662,0.4545160100664376,0.26520901878312186,0.2034690220107536
0.052243106866304,0.5731205314730607,0.2559662807190466,0.11867008094158912
0.8948682286671116,0.03500000000005903,0.03512626011361661,0.035005511219211194
0.038135593928063455,0.7291757964097283,0.11426243473757351,0.11842617492463539
0.03615567414507401,0.6948783192122143,0.12012431310921307,0.14884169353349916
0.06337235913052316,0.035000485123876324,0.8147203777636096,0.0869067779819912
0.07289007274647982,0.12033343936329312,0.5550613710325201,0.2517151168577073
0.12614775874392148,0.038554075877784304,0.6381796240520957,0.19711854132619983
0.1708091977682916,0.047101394996790315,0.5992981873436137,0.182791219891305
0.07002806979403595,0.03501721026866507,0.8449105375121623,0.05004418242513727
0.22347383534852513,0.03811147660142349,0.651406909834115,0.08700777821593562
0.8949999999888004,0.03499999999999983,0.03500000001009618,0.03500000000109231
0.06554133731817006,0.4935047279683668,0.30765126240230284,0.1333026723111604
0.06011894381554216,0.522978815815091,0.2880780883547,0.12882415201466516
0.894417875199472,0.03500010835746176,0.03550548224990198,0.035076534193162937
0.11328155966899395,0.03500006090686061,0.8056640535623057,0.046054325861839863
0.10085330274325868,0.03500097182931224,0.8072933989132254,0.056852326514204445
0.8945594672205605,0.03500000000389686,0.035392936323808764,0.035047596451735476
0.041343027079308856,0.5926622107541402,0.2446826690844248,0.12131209308212756
0.8189631438261304,0.03500110131449828,0.10503138073793183,0.041004374121440125
0.22297799358446743,0.03500000043670609,0.655404465339898,0.08661754063892922
0.8948413798084235,0.035000060967975866,0.03513733817170095,0.03502122105190034
0.07891320634511306,0.5346925224965663,0.26315455154339024,0.12323971961492944
