I,G,C,H
0.05487164992872202,1.1989939329945094e-10,0.8115578054965397,0.13357054445483316
0.1066144426465138,0.00010262833271438356,0.5870277512277731,0.30625517779300665
0.004846823983134338,0.6877329624603237,0.11716305873804699,0.19025715481848254
0.0033039370029207633,0.706774762511876,0.0353441107737615,0.25457718971145554
0.025965701002845214,1.0176917612330052e-28,0.9194120882239745,0.05462221077318668
0.8723557564320087,0.00039690030845906433,0.07767877769402001,0.04956856556551088
0.05387484366919774,2.709697910622584e-14,0.792584615837801,0.15354054049296675
0.998669684995535,6.533898291995632e-10,0.0011171479519232158,0.00021316639914863243
0.06001773518462663,0.012448359873607307,0.2556535502852161,0.6718803546565403
0.02762407967765877,0.21635503592097333,0.298061267911559,0.4579596164898149
0.8719502380255919,0.0003985006688721001,0.07791244953094995,0.04973881177459484
0.002246114263107753,0.642002817766792,0.08838226428614568,0.26736880368396265
0.04125710539959613,0.009828033493938858,0.2962905875641121,0.6526242735423553
0.030081711129626636,0.11203992184382784,0.40366760094156906,0.4542107660849708
0.08149848170875505,1.6364349944873551e-15,0.7765576250465959,0.14194389324465312
0.0037992956106668667,0.6864100829666245,0.09733485177955703,0.21245576964316354
0.03703791599861334,2.18272905222336e-05,0.638846419250712,0.32409383746014964
0.004849422611440505,0.6876787633130053,0.11719007562164278,0.19028173845392493
0.36943477401063035,1.9332112703024396e-27,0.5605171288075256,0.07004809718185773
0.007401145122646559,0.046467090626387146,0.23583587157872493,0.7102958926722529
0.8859795138579757,1.6883266778493164e-06,0.07518730833927981,0.03883148947607371
0.004831339358444033,0.4535851216567887,0.1251077094321995,0.4164758295525788
0.9880320143870231,9.055500044075922e-07,0.007992882955661775,0.0039741971073050785
0.0040534111568567835,0.7167924362637019,0.10096868710377616,0.17818546547565553
0.01138253340176566,0.3765584423759331,0.20680062842822294,0.4052583957940913
0.015990117380488392,0.31858624384255496,0.32081272276544254,0.3446109160115005
0.03200565746599774,4.677463326284175e-06,0.40423110320137756,0.5637585618693043
0.7564816198613256,1.3399812879563556e-08,0.14110067825572128,0.1024176884831281
0.006628857130431006,0.6998943788591577,0.118151704736489,0.1753250592739276
0.0030969295477837966,0.7526995213444054,0.07456429708914775,0.1696392520186717
0.0013553093463376919,0.7960150906897525,0.029130411870228107,0.17349918809369563
0.036103012662768205,0.007957938059357563,0.32770362148329807,0.6282354277945894
5.530990695010089e-05,0.831675758636433,0.011081572332515402,0.1571873591240977
0.0430331545292543,0.051513578763701925,0.42920878981936816,0.47624447688768407
0.9999968392862044,1.909731129780834e-30,2.664991913313939e-06,4.957218871001371e-07
0.007551705316953559,0.6398728714485584,0.11426152014675277,0.2383139030877408
0.05775803277197422,0.0072501608067902365,0.4380124163861703,0.49697939003506275
0.3694102270881284,1.9283409655457155e-27,0.5605291787063089,0.07006059420556085
0.028263489595675675,0.009915192740120024,0.38707600202410597,0.5747453156400933
0.08561846010976593,5.972356429388223e-07,0.6735529071231005,0.24082803553149848
0.06511200314386197,8.934656486458651e-09,0.694880072157114,0.24000791576435435
0.07389220504062666,0.0005565945923172944,0.5281835879746639,0.39736761239240226
0.9975387076284618,3.42693855878609e-18,0.0022654947390679547,0.00019579763247847587
0.06497612713101798,8.936965510579173e-09,0.6948483105839803,0.24017555334803498
0.0002164060504051751,0.8439981428332025,0.004427901051992649,0.15135755006438795
0.0005765072427438781,0.7665240212824689,0.03951052405079955,0.19338894742399151
0.05583097063398832,0.0007207340797086936,0.4848095537289324,0.45863874155736056
0.002337210099030034,0.6784000690514261,0.07878033440049925,0.24048238644903186
0.07037584061942773,2.1699500201040604e-13,0.792581104354819,0.13704305502553135
0.028897064466248686,0.010162779436423866,0.39722472432292094,0.5637154317743948
0.02700497367091898,0.21494924914978308,0.2903298480398306,0.46771592913947646
0.0005769509632472968,0.7665242214901167,0.039524168286897546,0.19337465925974812
0.0002173021403999555,0.8437653097647766,0.004461685785832423,0.15155570230898877
0.9938592016960449,1.1492717565075506e-07,0.0039503684055108325,0.002190314971266484
0.03593069819066877,0.00016539582702174157,0.5101147165746109,0.453789189407696
0.9999927901071002,5.262231673433999e-18,5.166286168293188e-06,2.0436067180461457e-06
0.017457783692023575,0.08195953986937152,0.29463074492297747,0.605951931515641
0.43142884439425805,1.993105115576527e-21,0.48753851401484044,0.08103264159091413
0.003798339332588047,0.6864655766995245,0.09731829572800577,0.21241778823988067
0.43137020928850295,2.025680679088763e-21,0.4875770271253268,0.08105276358615644
0.016193887309972718,6.032246043139238e-06,0.6250226173466772,0.35877746309729314
0.9707961031463347,5.494026685789357e-10,0.026396944624394132,0.0028069516798773534
0.010617911880561395,0.25994477201529503,0.23833072754006285,0.49110658856407713
0.030041462145345813,0.11223151713443057,0.40342231201767575,0.4543047087025576
0.007693626356491394,0.6450723575999835,0.1372369810227457,0.20999703502078526
0.9909777875911039,2.6934533508829068e-11,0.00714210407777311,0.0018801083041841253
0.07388867773192839,0.0005586620314434976,0.5280398000957597,0.3975128601408643
0.004501565431325333,0.7138167423353123,0.09972178623099685,0.18195990600237022
0.020448078179789917,0.487807790908816,0.23185067157025574,0.2598934593411404
0.0034476605297290588,0.6934803626006831,0.036707307282199966,0.26636466958737975
0.10505805358407436,1.6875686453078308e-10,0.559262642255016,0.33567930399213963
0.03976844305904838,0.009169890712917149,0.2861636074122896,0.6648980588157485
0.8546344011735859,3.7207509375135826e-06,0.0951995512182211,0.05016232685725523
0.03778237221629424,1.0415901870591144e-06,0.6892785061506611,0.27293808004286646
0.003730682357515593,0.7415599971819627,0.08217168558882237,0.17253763487170412
0.027584396120727897,0.006338176209489026,0.3967603106148742,0.5693171170549192
0.9709467558088183,5.355955642305524e-10,0.02626670283361255,0.002786540821984799
0.04787347271019101,0.051712227373321075,0.5728114898417365,0.3276028100747512
0.008955985895091875,0.40421694148663845,0.20593513148016937,0.3808919411380972
0.8433656961853824,4.126832556384964e-14,0.1354676113340563,0.02116669248052272
0.0031137934882677627,0.5382180348323167,0.06509439577956282,0.393573775899843
0.997540771564441,3.4082787334185753e-18,0.00226390579768917,0.0001953226378750474
0.10510507254150682,1.685537793525074e-10,0.5593991815187968,0.33549574577114855
0.09976715706420741,1.2571968025637296e-07,0.707980885242697,0.19225183197340223
0.9999968447889994,1.8776358434387277e-30,2.660691800614991e-06,4.945192122621145e-07
0.0031079160308555647,0.7525611818009151,0.07458181154637085,0.16974909062185212
0.32169557317235153,2.558949209741326e-12,0.5811851309535223,0.09711929587157037
0.6868986070159305,0.0003190074289716143,0.2223961148900135,0.09038627066507912
0.9880248326644232,9.065766275628185e-07,0.007997602603547907,0.003976658155387866
0.04382556482730867,1.0262216275495132e-07,0.5676593357215303,0.38851499682901175
0.17939934820009693,0.006112236958107718,0.49890726723708967,0.31558114760469885
0.06726881339313033,9.92715663956566e-14,0.8050105820719596,0.12772060453481812
0.8353570489453498,9.499370606066106e-14,0.1406453441655084,0.02399760688904591
0.08012179310497007,1.1486541820209713e-13,0.7468237029294942,0.17305450396542307
0.010613164739186975,0.25989740842186604,0.23836239660329375,0.49112703023564735
0.10660229245474445,0.00010266751419442239,0.5870187951188709,0.3062762449121841
0.9904781252842829,1.8119072258447613e-12,0.007011466086953212,0.002510408626959119
0.027700719994265283,0.32512951644050236,0.22160293543355483,0.4255668281316825
0.0077965812679475326,0.6260338574401497,0.11758436492945344,0.2485851963624606
0.002891491736587327,0.7740190212375155,0.04731272147886176,0.17577676554703262
0.9904720412270279,1.8179854544613132e-12,0.007014228069566823,0.002513730701580666
5.502035359886738e-05,0.8318106642836953,0.011044196245056618,0.15709011911764553
0.09979308763162507,1.2493958912342014e-07,0.7080615597226547,0.19214522770613912
0.028228430261105743,0.0002329568954737237,0.44164896414493504,0.5298896486984743
0.004056524474850389,0.7166760032722526,0.10102601419740054,0.1782414580555055
0.03335462029039686,0.012845068362456259,0.3395951786670878,0.614205132680067
0.03376739034092857,3.0460582292663434e-05,0.5034105201703388,0.4627916289064453
0.027682878833761384,0.32532897164253466,0.22157172493187605,0.42541642459181594
0.047867921113644726,0.0517057876940163,0.5728720944413401,0.32755419675100816
0.023218727519885133,0.00017096195984559785,0.445804092948602,0.5308062175716679
0.045301687264367674,1.6598404547149553e-06,0.6757116761782846,0.2789849767168823
0.00023057929204977305,0.8970715737969224,0.0028087291854976357,0.09988911772552783
0.015814683694960297,5.351345612425209e-06,0.6363015471201157,0.34787841783931023
0.9854051425468632,3.5656053913000825e-08,0.010868997798568997,0.0037258239985168027
0.7560965119875476,1.3544111634952635e-08,0.14130843698535703,0.10259503748297472
0.007375421404698573,0.04635569610613241,0.23555822182298336,0.7107106606661835
0.03127874409908191,4.315146737755914e-06,0.39378979313425283,0.574927147619939
0.033762488634974074,3.051994747753518e-05,0.5033199324618782,0.4628870589556681
0.05285362664748718,0.0003083789548987946,0.5132671510537522,0.4335708433438579
0.008845835989666847,0.38751062406088904,0.20869000658484632,0.39495353336459715
0.0031770713848102744,0.7322167054344252,0.09145945031824199,0.1731467728625198
0.1404721156738828,2.5640109842926705e-08,0.6430708219458303,0.21645703674017414
0.9909973133195824,2.6847634372654408e-11,0.007126517518874899,0.0018761691346935833
0.0013566041285738007,0.7959562808023959,0.02916334164215706,0.1735237734268748
0.9986648133554854,6.562356713753696e-10,0.0011211150291768458,0.00021407095910635837
0.011736217224715772,0.4528212538186771,0.18595882405402,0.34948370490259445
0.004831833093698705,0.45361794508904035,0.12513434928398443,0.416415872533268
0.03333791859158509,0.012866624411006241,0.33949475371880355,0.614300703278608
0.9938618025068165,1.1464555375722697e-07,0.0039491034139620285,0.0021889794336561823
0.0620917492209729,0.01335648087595144,0.265336028987123,0.6592157409159448
0.14047625753893306,2.5775723466962113e-08,0.6429088637187225,0.21661485296662758
0.006624161851818826,0.69995383176336,0.11811970813178307,0.17530229825304966
0.055826787985513875,0.0007180485422115297,0.4849492225971038,0.45850594087516366
0.04382991709878361,1.0269529590274803e-07,0.5675950405372387,0.38857493966868223
0.0037300750884898116,0.741576670568086,0.08216359168921454,0.17252966265422318
0.015803891753127963,0.3197537762783774,0.31320184428845926,0.3512404876800471
0.008479306055771848,0.655572936538581,0.1167933997975288,0.21915435760811178
0.9999995469593332,1.9846995839251754e-34,4.154993490808297e-07,3.754131286877849e-08
0.05495458093790302,1.1933620239842456e-10,0.8114376338518582,0.13360778509090412
0.003115105809718391,0.5381880264437088,0.06503728209207714,0.39365958565450676
0.009919716740707268,0.5975141099555086,0.15036424120383923,0.24220193209993787
0.05770926360339642,0.007268005224742684,0.4379580508751708,0.4970646802966806
0.053880118042685304,2.7465935657833657e-14,0.7923509180314794,0.15376896392581346
0.011693650675718446,0.37807764783202075,0.21272327869025262,0.39750542280202017
0.06195659508425253,2.461338398471461e-06,0.6147045313376353,0.32333641223972714
0.019277154105667327,0.09898262273375238,0.2980824969725929,0.5836577261879845
0.8024767061313296,1.8381895975915088e-06,0.1360756992556924,0.061445756423367304
0.004851092767633469,0.7120861438218666,0.11047549673649325,0.1725872666740133
0.3501457926643971,2.4317711615499105e-12,0.5557746376202309,0.09407956971292811
0.02339345920565943,0.0027893667069166395,0.40726939290370573,0.5665477811837211
0.0037863348726387604,0.7100655889293883,0.0900811227785957,0.19606695341937808
0.6868305749191901,0.00031901980929682566,0.2224023983913213,0.09044800688019126
0.9999995538934598,1.9024844266926607e-34,4.0918301106411497e-07,3.6923530553047627e-08
0.007693798465110341,0.6451041949283411,0.13722428005027265,0.20997772655628416
0.002335876038935546,0.6784153628745551,0.07875264241301473,0.24049611867350207
0.03878100917764622,0.3410807895798205,0.36747175355493145,0.2526664476875882
0.17943389993004374,0.0061021308771970605,0.49887825760996024,0.31558571158280074
0.9999927196475782,5.6253284787941504e-18,5.214375518172813e-06,2.06597690736604e-06
0.1627107597654046,5.433226236067293e-08,0.5788177799170731,0.25847140598526597
0.007035834512498352,0.692971913748105,0.09307080268556142,0.2069214490538485
0.002244490071324132,0.6420654132036118,0.08833826655030626,0.267351830174763
0.0019681653080186262,0.7125750283774437,0.0921725439494373,0.1932842623651107
0.08011075574279167,1.1345086123839476e-13,0.7466788950203974,0.17321034923669587
0.004577585263760639,0.7253902364435009,0.10599132999965825,0.16404084829309393
0.06189776899300595,2.475154051374885e-06,0.6146106545869411,0.3234891012660023
0.02758501424891314,0.006341240015975188,0.39673278300320375,0.5693409627319042
0.0031755750980238303,0.7322312915907028,0.09143922209796713,0.17315391121331336
0.03618456293152367,0.007865319230006555,0.32820758332374,0.6277425345147416
0.0035776887775330456,0.740008755146285,0.07902229796642084,0.17739125810976358
0.0019668231755164017,0.7126183626095706,0.0921261372705795,0.1932886769443199
0.008487431429310216,0.6555710873138463,0.11674906180945727,0.2191924194473951
0.0042577292950677316,0.7270303145663695,0.09567922509027374,0.17303273104828265
0.985383158839069,3.560302549347338e-08,0.010885495307796254,0.003731310250098265
0.04502785753123483,0.0002492651293195307,0.5112369239109769,0.44348595342846475
0.008266240724468535,0.24725828250376003,0.270403181247213,0.47407229552457186
0.03577606377457529,0.0001678544968948992,0.4998356868207919,0.46422039490774075
0.008275971226298865,0.24727759284932613,0.2704229335708287,0.47402350235355206
0.007035565437415672,0.6929604819791848,0.09309628805573776,0.20690766452765041
0.08563038852383278,5.969918987557706e-07,0.6736470017768715,0.24072201270739288
0.04313951043088419,0.05156730271381501,0.4291021333219184,0.4761910535333776
0.009234159205022517,0.7328904438734002,0.11043324888249739,0.1474421480390663
0.0233887807549481,0.00278473522911138,0.4071712206174908,0.5666552633984359
0.01173425568861808,0.4527529470346626,0.18596914506710435,0.3495436522096096
0.003578737951354673,0.7399781416838799,0.07903152331149567,0.1774115970532717
0.025990897889603036,9.664683390142042e-29,0.9196084875910321,0.054400614519352686
0.03802138995649187,0.010096825075591002,0.40128419664982473,0.5505975883180987
0.8024013097687216,1.8393574262265242e-06,0.13612646714374424,0.06147038373010885
0.16278999517870116,5.400393311550772e-08,0.5788907461614559,0.2583192046559071
0.007757443880042962,0.6435755522186062,0.06269970856261808,0.2859672953387242
0.02045790611103463,0.487714125606696,0.23190252940165165,0.2599254388806219
0.037267007563552244,0.009842587304379239,0.3912595108698207,0.5616308942622504
0.003784929386211163,0.7100735510263324,0.09006337400847352,0.19607814557897935
0.03683148615728025,2.1664218265622296e-05,0.6384288893785358,0.32471796024591365
0.00023086327470186424,0.897058244691849,0.0028119442792959577,0.09989894775415456
0.009232598673672323,0.7329062686958184,0.11042650685283367,0.14743462577767114
0.0077604916400781454,0.6435012498911338,0.06273094166772883,0.2860073168010483
0.0028942524308593403,0.7740774075739472,0.04725743883171623,0.17577090116348756
0.03859020503941987,0.34459625011694905,0.35881343281572464,0.25800011202790196
0.07829807776506563,6.520470905177641e-16,0.7896893204608815,0.13201260177406107
0.009933628661101082,0.5973503667520517,0.15049298375632345,0.2422230208305116
