I,G,C,H
0.061300481536267645,0.03500000000000022,0.7910190378991414,0.11268048056460123
0.12730304013122015,0.03500040558765611,0.5061566530030355,0.33153990127806926
0.036182506357219944,0.7126646618473425,0.07384231790155082,0.17731051389388397
0.03554971258699475,0.6762426518217861,0.04024238962003966,0.24796524597118244
0.04248151531728066,0.035,0.8699199026666344,0.05259858201608117
0.884286670090807,0.03500121450178688,0.040886196075294354,0.03982591933212848
0.0608482485188306,0.035,0.7716665905665073,0.13248516091464052
0.8949895286754098,0.03500000000000111,0.035009258852992664,0.035001212471617166
0.058822049567040804,0.035518173569513596,0.13301286917730257,0.7726469076861375
0.046901737754772445,0.10900428966800677,0.20824449946317522,0.6358494731140392
0.8842285727507537,0.03500122252301023,0.04091605591117841,0.03985414881504576
0.035356355403690636,0.6347174603421393,0.05970353441177486,0.270222649842416
0.048421323315684967,0.03536832543012114,0.15537539726324362,0.7608349539909423
0.04734082076075079,0.05944701379079344,0.30285448399372683,0.5903576814547284
0.08469920404368989,0.035,0.7578620104826795,0.12243878547361343
0.03580004056593201,0.700685186577735,0.06355666137561719,0.1999581114807136
0.04957998910720285,0.03500003429507464,0.5677038885618756,0.34771608803585025
0.03618358043521118,0.7126104792560023,0.07385853218609115,0.17734740812269706
0.5207124210154308,0.035,0.3853612069853753,0.058926371999191526
0.035847572931131506,0.038783329870812434,0.11408480324811283,0.8112842939499615
0.879371703258506,0.035000000600293076,0.044789447800280165,0.040838848340917416
0.0359750921765567,0.337904681550636,0.0819491484841469,0.5441710777886426
0.8947199326702228,0.03500000008555856,0.03518148116951353,0.03509858607471438
0.0358704251836757,0.7385857272353406,0.0651913181736978,0.16035252940729758
0.03882062257772794,0.2628212692927824,0.14999124427557756,0.548366863853891
0.04103108161788145,0.1952139242072294,0.27271257639363244,0.4910424177812339
0.044717694660162476,0.035000002714952363,0.24844556038512697,0.6718367422397721
0.8362878859325192,0.035000000000249346,0.0636579669890596,0.06505414707819172
0.036910522425864914,0.7286744273404189,0.07416783486524431,0.16024721536847106
0.03554985841751292,0.765480719819745,0.05295153956219421,0.14601788220055528
0.035142864099955845,0.7820276710584119,0.03895705371346328,0.14387241112817883
0.045998895653052915,0.03526804572010042,0.1792252323492149,0.7395078262776381
0.03500095145620136,0.8043828035373367,0.03584332097577893,0.12477292403070245
0.05431297940004998,0.04159408809583491,0.3056575008492529,0.598435431654872
0.8949999991369783,0.035,0.03500000076631076,0.03500000009670792
0.037204978287173444,0.6199156867228924,0.07583328968390078,0.26704604530602627
0.062364113693782294,0.03527072139700841,0.3092499908464632,0.5931151740627572
0.5206842561285148,0.035,0.3853822012248024,0.05893354264666098
0.043213677983483585,0.03540252347524235,0.24456256834170303,0.6768212301995596
0.09046469822571535,0.0350000001328402,0.6345007674699379,0.24003453417150641
0.0709253894665457,0.03500000000018769,0.657336132326622,0.2367384782066592
0.07704150060661924,0.035005234208530966,0.4283730529509461,0.45958021223391776
0.8949709982210987,0.035,0.03502793399599387,0.03500106778292335
0.07080674540313502,0.03500000000018775,0.6572500911127351,0.23694316348392258
0.03500779968862386,0.8084585167701078,0.035206829067739684,0.12132685447352357
0.03503896847584288,0.7567642479432607,0.04148467100068274,0.16671211258020618
0.06095777875717376,0.03500739234056091,0.36364663871217423,0.5403881901901034
0.03537157145358292,0.6778425092593284,0.05529839552234174,0.23148752376473392
0.07421384555816495,0.035,0.7738170464081768,0.11696910803367563
0.043644058494694216,0.03543933220856634,0.24671234697984687,0.6742042623168938
0.04632237383740124,0.10771303590967676,0.20607949457579885,0.6398850956771055
0.03503901742945327,0.7567393253938761,0.041489496160493626,0.16673216101619556
0.03500785168896408,0.8082711286609505,0.03520930977002574,0.12151170988004648
0.8948905806451565,0.03500000000344278,0.03506496959602815,0.03504444975536073
0.04797537039689079,0.03500079503586145,0.37478550874421745,0.5422383258230146
0.8949999974968751,0.035,0.03500000174646727,0.035000000756638006
0.03987122093001977,0.051163834651975396,0.17123024951262994,0.7377346949053518
0.6044307253078991,0.035,0.2977177683061845,0.06285150638591532
0.03579969647078473,0.7007445882765064,0.06354818776357594,0.19990752748911528
0.6043614162097075,0.035,0.29777371274489706,0.06286487104537757
0.0389130240662279,0.035000004470666334,0.5354867041436685,0.3906002673194546
0.8936179641881747,0.03500000000000083,0.03631302879587562,0.03506900701597024
0.03774289643139829,0.1379612567572911,0.16442068313033678,0.659875163680989
0.047316809984294494,0.05951540390278448,0.30261734781615196,0.5905504382967816
0.037473454380093904,0.6610056505857432,0.08835446229417748,0.21316643274000519
0.8947961790416518,0.03500000000000001,0.0351675685053983,0.03503625245294832
0.0770344533720363,0.03500526402272319,0.4281745382067929,0.45978574439845504
0.036021707139998596,0.7321665112567128,0.06501728749273838,0.16679449411057373
0.04682774097291949,0.45736622301428753,0.17588923489180183,0.3199168011209872
0.03564556176160759,0.6669838173798446,0.040976011320374914,0.25639460953815985
0.11020259606173202,0.035000000000000385,0.4805376303451595,0.3742597735930862
0.04749524970095133,0.03531921112070814,0.1519655562655896,0.7652199829127678
0.8782304345855624,0.03500000083653876,0.04546022064991431,0.041309343928006906
0.05409184160063278,0.035000000432967984,0.6270819700151373,0.28382618795128306
0.035743772894064205,0.7573545889895797,0.056179513760935454,0.15072212435542223
0.042696706245005676,0.035201557695672625,0.24191015370735416,0.6801915823519575
0.8936289691221218,0.035000000000000794,0.036302809379497585,0.03506822149835611
0.06077845977352359,0.04265775767190891,0.51768691206004,0.3788768704945417
0.03769715402068244,0.29106843897412193,0.1477915920793173,0.5234428149258988
0.8638859131092511,0.035,0.06291801427418875,0.03819607261656637
0.03551771523194645,0.4407705120008656,0.05112219629218586,0.4725895764749887
0.8949710293216372,0.035,0.03502790677086982,0.03500106390746931
0.11025943835945606,0.035000000000000385,0.48073976543608665,0.37400079620444715
0.10503843445003172,0.03500000001173325,0.6806734594410254,0.17928810609719026
0.8949999991392759,0.035,0.035000000764362216,0.03500000009633935
0.03555303600972734,0.7653126705651224,0.05296455011505485,0.1461697433100752
0.4567434504643102,0.035,0.43074161425528673,0.07751493528041743
0.8321879614271915,0.03500110511059457,0.07937838526510156,0.05343254819713423
0.8947196654492934,0.035000000085707764,0.03518165002076045,0.03509868444424312
0.05351436647433626,0.03500000000775191,0.47042211572762876,0.44106351779026237
0.24386143243887998,0.03523377505429543,0.39019209596142473,0.33071269654542246
0.07206638528383502,0.035,0.7792301561828361,0.11370345853334424
0.8653018400869007,0.035,0.061724083828763265,0.037974076084351556
0.08412226717761401,0.035,0.7252535493238067,0.15562418349857002
0.03774068625869133,0.13791928110272722,0.16444907398277675,0.6598909586558044
0.12728613990063206,0.035000405829293015,0.5061431147052042,0.33157033956485227
0.8944788091843823,0.03500000000000001,0.035369853557774986,0.03515133725782287
0.04926409944497434,0.20033600323335773,0.14995955216128026,0.600440345160406
0.03743934614644262,0.6120343225730132,0.07825234997117164,0.2722739813093858
0.03547330339693957,0.764804786253837,0.044103441703944424,0.1556184686452849
0.894478436107819,0.03500000000000001,0.03536997499809071,0.03515158889409825
0.03500094353161954,0.8044610618553293,0.035838919013156,0.12469907559987814
0.10506444606393932,0.035000000011620125,0.6807740752777343,0.17916147864670853
0.043273232254538954,0.035001150663539954,0.2989452387895909,0.6227803782923457
0.03587142726579373,0.7385185384009214,0.06521404217888992,0.16039599215439854
0.04505280890158888,0.03557078967665901,0.19823876387830847,0.7211376375434495
0.046659954135824536,0.0350000517389611,0.3781085822901748,0.5402314118350171
0.049255515593030666,0.2005579536304332,0.14995657201026907,0.6002299587662879
0.06077404744245975,0.04265636823148474,0.5177711656543355,0.3787984186717057
0.04314345771821278,0.0350010938860577,0.2985381871444445,0.6233172612512926
0.055209542306133313,0.035000000630685285,0.6234846187010264,0.2863058383621687
0.035008172479456895,0.8531123408816235,0.035092755351461905,0.07678673128745625
0.03881779190300544,0.03500000409300725,0.5363949627919583,0.389787241212038
0.894697457653154,0.03500000000055145,0.0352207875706394,0.03508175477567285
0.836125590402713,0.03500000000025333,0.06373119604325235,0.06514321355376315
0.035842403744524416,0.03876668446643504,0.1138906370782826,0.8115002747107595
0.04424531851376039,0.035000002101403124,0.2462277537906726,0.6745269255941595
0.04665631724871391,0.03500005189245784,0.37798720169859523,0.5403564291602123
0.059206317872820324,0.03500215691678673,0.38655289504038665,0.5192386301700094
0.037672820924001704,0.2913038336643248,0.14745677505880675,0.5235665703528741
0.03558610503513706,0.750742584243205,0.060442316631685755,0.15322899408995216
0.15516250436666573,0.03500000000101398,0.5990502844680433,0.21078721116425334
0.8947968841976491,0.03500000000000001,0.035166984968381255,0.03503613083395699
0.0351430865722249,0.7819900823747421,0.038964174223368585,0.14390265682968795
0.894989468969393,0.035000000000001114,0.03500931048022879,0.03500122055035634
0.03925281430498747,0.35119810019002184,0.13059891702782622,0.4789501684771809
0.035975359183169395,0.33797205058782986,0.0819702499754208,0.5440823402535871
0.045044142504054474,0.03557222747087765,0.19814677288404314,0.7212368571410486
0.8948906537072738,0.035000000003429454,0.03506493799207901,0.03504440829722471
0.06036137154746601,0.03559413341165304,0.13639326598880686,0.7676512290520597
0.15517245875942767,0.03500000000102376,0.5988243745199682,0.21100316671958141
0.03690833027890098,0.7287280543411121,0.07414890080095113,0.16021471457905237
0.06095615145000023,0.03500734419732959,0.36383492551436286,0.5402015788382977
0.05351690386008305,0.035000000007759546,0.4703351086167338,0.44114798751544565
0.035743573294167656,0.7573685210968116,0.056175934794838095,0.1507119708142042
0.040868445522920904,0.19463955324286722,0.2722786435460218,0.49221335768818836
0.037662842880878754,0.6492408623520312,0.07766339447690021,0.23543290029018177
0.8949999999558077,0.035,0.03500000004245599,0.03500000000174058
0.061365142338991055,0.03500000000000021,0.7909144765611279,0.11272038109988074
0.03551797777310343,0.44068260399637194,0.05109897487060666,0.4727004433598949
0.03853470666352115,0.5781517753498433,0.10075940087966351,0.2825541171069891
0.06232691180590655,0.0352717331101953,0.3091793017842328,0.5932220532996695
0.0608553309588359,0.035,0.7714215794059308,0.1327230896352561
0.0390414805291495,0.26289569072373775,0.1516905072788532,0.546372321468269
0.06791839762487414,0.03500000116473267,0.5452833263130251,0.35179827489737026
0.040265770728189786,0.05210497663096288,0.1742494645869717,0.7333797880538993
0.8640106120712143,0.03500000029650094,0.055718104376181,0.04527128325608809
0.036150285985310934,0.7317142319947328,0.07181639743247484,0.16031908458747707
0.45703673321082317,0.035,0.4305892745192787,0.07737399226990427
0.040988482621907865,0.03505664424657355,0.25047089965521807,0.6734839734763235
0.03578173450373826,0.7259098434810339,0.0598822026162887,0.17842621939894615
0.8321584595575132,0.03500110517524689,0.07938636344349645,0.05345407182373945
0.8949999999568342,0.035,0.03500000004145189,0.03500000000169603
0.0374739370288092,0.6609867470394865,0.0883588259118718,0.21318049001983863
0.03537122985008828,0.6778441134121332,0.05528672032316818,0.23149793641463398
0.06655727323536634,0.27260510226049867,0.3362993564136062,0.3245382680905089
0.24390656577946143,0.035233151780648654,0.3901470067663672,0.3307132756735276
0.8949999974686682,0.035,0.035000001764309896,0.03500000076701871
0.18523584330684578,0.03500000000325435,0.513790397983271,0.2659737587066158
0.03693758951014945,0.7049243241993727,0.060671204003290014,0.19746688228716863
0.03535596263194361,0.6347161819811192,0.05968792430471046,0.2702399310822189
0.03528294995064858,0.7288876120525839,0.060740524823247086,0.17508891317352865
0.08411412151510006,0.035,0.7250853377636601,0.15580054072126243
0.03596651213836587,0.7428763994212426,0.06839641891673784,0.1527606695236777
0.0678676736264619,0.03500000117475469,0.5451266857441598,0.3520056394546365
0.04269674376742255,0.0352017061895903,0.24188307135127735,0.6802184786917063
0.03558565519776139,0.7507480175380712,0.060432936579383555,0.15323339068477146
0.04604318747707389,0.03526337391202756,0.17965171873137117,0.7390417198795123
0.035635832890132856,0.7449157613933347,0.05488114309849113,0.16456726261805904
0.03528266348780914,0.7288732082675127,0.06072478067279976,0.1751193475718717
0.03766669195849737,0.6491916100817537,0.07764034449117412,0.23550135346855616
0.0358551759922131,0.7436048897773437,0.06194942097910042,0.15859051325134277
0.8946967505806792,0.03500000000055012,0.03522130941378694,0.035081940005004364
0.058099897761864916,0.03500172774961389,0.38585671188390946,0.5210416626046125
0.03674725369710842,0.1227713562780878,0.18917873159398943,0.6513026584308118
0.047763393111416926,0.035000744655676076,0.37447618965360907,0.5427596725793135
0.03675067413056267,0.12279486312082202,0.18920398226750487,0.6512504804811349
0.03693749641668424,0.7049246338486957,0.06068308824115907,0.19745478149346202
0.09047689995740724,0.03500000013274816,0.6346293917886714,0.23989370812115218
0.05439020997177813,0.041606138816012016,0.30558423334688023,0.5984194178653081
0.03808618540401363,0.7571344179662155,0.07081534192755373,0.13396405470223377
0.04098583691424689,0.03505648899588266,0.2503641040471562,0.6735935700427232
0.03925124159568449,0.3510865647064758,0.1306062308207009,0.47905596287712693
0.03563614101535151,0.7448766929689687,0.05488633519178342,0.1646008308239112
0.04249132567521931,0.035,0.8700249239121136,0.05248375041264608
0.04870983243779668,0.03545067834267126,0.25158417374000885,0.664255315479523
0.8639857163173666,0.035000000296917,0.05573436667570157,0.045279916710031454
0.18534462812818533,0.03500000000322871,0.5138721829400239,0.26578318892858555
0.0373513305901169,0.6192283298304364,0.04944462253327292,0.2939757170461624
0.04683700560255273,0.45723268670483164,0.17594781294623144,0.3199824947463662
0.048123727378804715,0.03541332238931431,0.2495971537591348,0.666865796472722
0.03578116227596459,0.7259490576830608,0.059868406974843094,0.17840137306611092
0.04944935103158611,0.03500003388086082,0.5670012318223778,0.34854938326519613
0.035008188322483806,0.8531052306326382,0.035092923903376746,0.07679365714150571
0.03808529510945496,0.7571504426886507,0.07081111668952045,0.13395314551238494
0.03735280251837107,0.619147074656417,0.04945653480743753,0.294043588017765
0.0354739591749786,0.7648233728847147,0.04408730386468514,0.15561536407560544
0.0666486524218392,0.27239863399357805,0.3363312899505237,0.3246214236340483
0.08224590729252973,0.035,0.7642254039676943,0.11852868873977929
0.038542993339759316,0.5779601657861358,0.10086349637512865,0.2826333444989543
