I,G,C,H
0.036258134361335966,0.6696615853474839,0.1036451412544174,0.19043513903676282
0.06936829476186855,0.035145344793674246,0.557317314968387,0.33816904547607013
0.03612708024028168,0.742964084697813,0.07340111126827271,0.14750772379363206
0.03571849469523221,0.7409106317286248,0.07458666897943904,0.14878420459670294
0.03558034757847312,0.7183847150976722,0.0746931012573276,0.17134183606652648
0.05586386977703964,0.035000000003395614,0.5693873875315248,0.3397487426880398
0.6517868537131621,0.03500003666682994,0.2227649250278694,0.0904481845921383
0.03561895768770115,0.67364297914698,0.07708588069115736,0.21365218247415999
0.03645857513567596,0.6171735321322165,0.10459305152744536,0.24177484120466283
0.03762054768787768,0.2827792555842203,0.18778913341680523,0.4918110633110963
0.035685452732922576,0.7248117050569463,0.06933408243075138,0.1701687597793792
0.7120884830786751,0.03689735507997061,0.1280937038085061,0.12292045803284854
0.035617772922731224,0.6749972829094458,0.0770651185010209,0.21231982566680255
0.03543050554365338,0.7357286339851055,0.06900100267227903,0.15983985779896145
0.04434353958938199,0.03543561522542312,0.3171196676676015,0.6031011775175933
0.0422732863698695,0.15319327469464342,0.2451614383948635,0.5593720005406236
0.03576789123982218,0.6798825938201201,0.07383288463309358,0.21051663030696321
0.04161615790186234,0.03504353025430418,0.48546848146957144,0.437871830374263
0.8259808576409104,0.03617938333516063,0.0664165064834617,0.07142325254046732
0.03882236353856731,0.5797635661349582,0.13919690682558314,0.2422171635008909
0.11583684617214786,0.035100527894315406,0.43621571082842986,0.4128469151051077
0.03579451647648597,0.6799386601398951,0.07414448778393185,0.21012233559968702
0.03665366778552949,0.6642977503724274,0.10500126413763326,0.19404731770441017
0.7646585925861941,0.03500091453512143,0.09882464294122603,0.10151584993745884
0.882350271235117,0.035171713352513595,0.04119852634989412,0.04127948906247524
0.049946592100797965,0.04097630854009083,0.6174669379301583,0.2916101614289515
0.05039406195287551,0.04096316431752797,0.617209310114802,0.291433463614794
0.6602680496240686,0.035000048813125066,0.21287116166650694,0.09186073989629921
0.03514023073911284,0.7274272980769665,0.040981633939950496,0.19645083724397058
0.03501031486933612,0.8166692912619816,0.03752234767283924,0.11079804619584273
0.0356617370799215,0.7457376637743025,0.06247911198747798,0.1561214871582973
0.49581636447783584,0.035000000000009295,0.3716546471052478,0.09752898841690678
0.03561940259447319,0.7183871001697083,0.07761644628867603,0.168377050947142
0.04390582283291893,0.1407844552329794,0.25483784274860277,0.5604718791854996
0.509804316379171,0.03500000000001072,0.3533322940741789,0.10186338954663965
0.04630470234538383,0.21187158221852262,0.2455260405745989,0.49629767486149445
0.7193957111073647,0.03500164329921728,0.1205934441296241,0.12500920146379296
0.03633739587140324,0.6945611081501653,0.08870148686864697,0.18040000910978451
0.165011632193419,0.03511645949543533,0.4077462532425077,0.39212565506863845
0.03584226738351668,0.7019105671804067,0.0831928490481427,0.17905431638793418
0.04531016600288896,0.035096629850634234,0.43686792326375573,0.4827252808827198
0.0377053980458512,0.5728322777979089,0.12773496087558592,0.26172736328065327
0.035290976929325535,0.7692476673490866,0.05597140294687892,0.13948995277470883
0.8838104217564807,0.03499999999999983,0.045619292477917926,0.035570285765601097
0.0357069563206175,0.7353104237587487,0.05386442389167925,0.17511819602895323
0.036843787358753155,0.09161613169593436,0.24534706916093393,0.6261930117843778
0.05193556390573613,0.035390183788689265,0.43643414684108045,0.4762401054644952
0.036521519871367626,0.6757915705524938,0.0957072591747137,0.19197965040142526
0.04863622124753509,0.044259495652589756,0.31410325957359453,0.5930010235262804
0.04142582351231124,0.14673494479624194,0.219926664257459,0.5919125674339875
0.8947064059593949,0.0350000000002373,0.03521201065935335,0.035081583381015254
0.056600056640009694,0.03500208010916337,0.46017590799681624,0.4482219552540106
0.07288295186498082,0.03499999999999985,0.7956290997502766,0.09648794838474235
0.03644165111616057,0.7776724075830581,0.06124643945241571,0.12463950184836652
0.8949999919375553,0.03499999999999983,0.035000007593376,0.035000000469068496
0.8947459602118281,0.0350000000001664,0.03518362659366358,0.035070413194342315
0.03777158214126395,0.50995645873267,0.12625873820707775,0.32601322091898827
0.03621999391072195,0.6860224048662783,0.09107579807781248,0.18668180314518765
0.03654691351069503,0.6665417472865397,0.10666314842926773,0.1902481907734977
0.5213975542060673,0.03598301688573001,0.24845661460623847,0.19416281430196358
0.03798315486428407,0.5146129844615351,0.1307001040715074,0.3167037566026728
0.5221337569098186,0.03606833536805107,0.24679855829847952,0.19499934942365107
0.05478855082038247,0.03499999999999983,0.8315209940901509,0.07869045508946701
0.05492153307573856,0.03499999999999983,0.8316979450080337,0.07838052191622716
0.035759990926579825,0.7363321805837202,0.05445228221875501,0.17345554627094512
0.036195311202237686,0.7067562899067666,0.09194801413593809,0.16510038475505762
0.035824150020898934,0.7027955352060873,0.08379151642905794,0.17758879834395652
0.03704425581080157,0.5195849664528175,0.09008726069678066,0.3532835170396001
0.04185510351972105,0.035043310689875116,0.48582966949704565,0.4372719162933569
0.5845172417415588,0.03500250521630011,0.22813145821951697,0.15234879482262464
0.05806905293811766,0.037369086312582483,0.3995113403031687,0.5050505204461299
0.035632953655005385,0.7181314193652312,0.07763253360411342,0.16860309337565055
0.043685660089595596,0.052062141672971296,0.25376464849802505,0.6504875497394083
0.8876740730211974,0.03499999999999983,0.041996540211645145,0.0353293867671574
0.03658724958366728,0.6697567216148621,0.10601262007052412,0.18764340873094604
0.03544964846624321,0.7665998077932928,0.06276278153194474,0.13518776220851936
0.6667078555733393,0.035001358090956176,0.19961219035138905,0.09867859598431572
0.03700911676132,0.6678723500849292,0.10706297611187639,0.1880555570418746
0.03552961700325255,0.7533059664197687,0.0667345797861295,0.14442983679084928
0.8874592276973572,0.03500059470345123,0.03995967577743943,0.03758050182175081
0.8927492065341412,0.03500000007176198,0.03611829007976157,0.03613250331433546
0.03647747547114037,0.6844368435082059,0.08201754496060674,0.1970681360600468
0.0409045219112313,0.19718173708567127,0.21588442604263278,0.5460293149604646
0.05891392544842408,0.03932144720338556,0.3812125358906403,0.5205520914575503
0.8261542513452368,0.03614656487042293,0.06640163845866703,0.07129754532567373
0.03914380379399057,0.39120129899117323,0.17047861512304602,0.3991762820917909
0.8881009926940836,0.035000097550951965,0.03941220667981653,0.0374867030751488
0.04509883133179577,0.035098991904643266,0.4424218473585028,0.47738032940505853
0.07886689757491991,0.035000044488309234,0.6424669629108187,0.24366609502595254
0.035054444141266655,0.6473082276639402,0.05964635095948493,0.2579909772353092
0.03598770503718277,0.7291564973336387,0.07549976714074424,0.1593560304884342
0.04422625025553317,0.035437844833291196,0.31485541731304484,0.6054804875981314
0.036613024775521065,0.6646995058088958,0.09804081778014248,0.20064665163544076
0.03551859978309205,0.7536544366750331,0.06655863747522853,0.1442683260666462
0.04536103422779545,0.305117684491877,0.23959901594893102,0.40992226533139664
0.8949967428733941,0.03500000000565855,0.03500166587581041,0.03500159124513629
0.045990704504543185,0.035000001401501196,0.6501970709531567,0.26881222314079917
0.0419148213118548,0.26580616129752965,0.2411084224289373,0.4511705949616782
0.8873516153778568,0.03500010125369515,0.039882093471910456,0.03776618989653719
0.0460340010112236,0.03499999999999983,0.8178080176646598,0.10115798132411577
0.05830299010650475,0.05015613227058164,0.292689453660442,0.5988514239624717
0.04629276486756396,0.03499999999999983,0.8191223443536936,0.09958489077874288
0.03696871673659923,0.6611561959309201,0.10860306770820748,0.19327201962427276
0.8878068507254562,0.03500000000211893,0.04081162328566587,0.03638152598675859
0.0460294695655281,0.03500084467815819,0.4854121744252149,0.43355751133109816
0.07243517918461549,0.03499999999999985,0.798357915012814,0.09420690580257095
0.05694404990729561,0.03899523781790345,0.38464415230796517,0.5194165599668361
0.035051623873902496,0.6458369310263316,0.05921126814001414,0.2599001769597524
0.042640358042483846,0.03499999999999983,0.8362070178990292,0.08615262405848684
0.04324260924894548,0.03499999999999983,0.8331992975820689,0.08855809316898472
0.03514570386233929,0.7246738262876553,0.041164774382850475,0.1990156954671548
0.048416993759988806,0.035000000580202285,0.7161171794634067,0.20046582619640238
0.06686690650380102,0.035133901098839945,0.5702620366254084,0.32773715577195106
0.054561460491998746,0.0373475893497397,0.4310717312686823,0.47701921888957877
0.03776226797973323,0.2891948591264719,0.1951019473299619,0.47794092556383394
0.04038148156073467,0.12384755366228828,0.21687955536626888,0.618891409410708
0.7156677912624254,0.036892705662021755,0.1261494095134495,0.1212900935621032
0.04594601419672216,0.03500099188906361,0.49055303269579276,0.4284999612184205
0.04273642404577808,0.16032932322740326,0.2484921588422196,0.5484420938845984
0.05457497341714981,0.03731478873802612,0.42869712908486074,0.47941310875996296
0.05701593640606229,0.03631420101332088,0.40945777946451584,0.4972120831161007
0.03633078120094781,0.6943466588531111,0.0889425671466262,0.1803799927993155
0.047919710695199805,0.03500004073961902,0.5344697636932869,0.3826104848718943
0.043784675125148366,0.0350000536962298,0.6555219202333307,0.26569335094529145
0.05123265497473195,0.16121260821779948,0.3315781341554124,0.45597660265205564
0.0580317008315184,0.03542415318243208,0.4445073373541389,0.4620368086319108
0.057677631382236895,0.035417061525578525,0.4615508803277525,0.44535442676443204
0.03922057143249928,0.3907709052174296,0.16927902787753288,0.4007294954725388
0.041387469203940076,0.3571227947001191,0.23065627716384765,0.37083345893209396
0.051406866097708705,0.15851593940880618,0.3338307244660062,0.45624647002747887
0.20079812504742742,0.0602324124678567,0.46086788651849625,0.27810157596621904
0.036299617616951704,0.705768579458978,0.0922169454104457,0.16571485751362425
0.035979151445694434,0.7313972104565137,0.07436136331162357,0.15826227478616806
0.04487476340988098,0.30794565766480425,0.2387848629670896,0.4083947159582254
0.05585868811281954,0.03500217293756366,0.46188230619442716,0.4472568327551899
0.8820546386725886,0.03516978390501269,0.041385682714980644,0.041389894707416296
0.8858179258006669,0.03500003053954991,0.04251669618181038,0.03666534747797332
0.03528950003613199,0.7681667815217033,0.055862523749454905,0.1406811946927103
0.046512158047958024,0.21716789578715545,0.2516484961681746,0.48467144999671136
0.03944615446684255,0.5731677834031178,0.1369353209071997,0.2504507412228396
0.05335270598120789,0.037251411637758025,0.409769470205297,0.49962641217573694
0.8851503261013556,0.0350011350871969,0.04138549281102841,0.03846304600041953
0.03633201891457063,0.4495174248454249,0.20672822992022802,0.3074223263197764
0.03916777807008914,0.3862016313741948,0.19044573211590862,0.3841848584398082
0.04766659721486881,0.04421685733741325,0.3151237685403325,0.5929927769073855
0.07478183705129941,0.035951477891023854,0.6515627590969697,0.2377039259607068
0.04818475116071747,0.03500004125210166,0.5140034241124475,0.402811783474734
0.0743948188464798,0.03580884905130409,0.6577754849506726,0.23202084715154422
0.03569633089853124,0.7250261663836206,0.06901455303796644,0.17026294967988237
0.6030151671808008,0.035001760785734505,0.24764039649200317,0.11434267554146174
0.035514157213970776,0.7570814723753896,0.06477822386763665,0.14262614654300382
0.03612581005952039,0.6866811031593503,0.09088058182827861,0.18631250495285107
0.038861310661841494,0.03565360361602727,0.3781003489736929,0.5473847367484381
0.04172419210096088,0.3549607959225661,0.23151613384439407,0.3717988781320779
0.8866560126737291,0.03500003830066962,0.0417607646928002,0.036583184332801624
0.03643174145930772,0.7726724233193119,0.06260102230687102,0.12829481291450953
0.05350416668311669,0.037195504565645424,0.41042625829650575,0.4988740704547315
0.04461908625728748,0.035000078637131934,0.6393987212869107,0.2809821138186693
0.03701652946270849,0.4946265822263202,0.08944101083640155,0.37891587747456956
0.6144402315443492,0.0363987029263782,0.16934809416286642,0.17981297136640553
0.03634120522795484,0.4501728992027266,0.20742610606800244,0.30605978950131574
0.06667547533458142,0.03500002034045107,0.6619291128302762,0.23639539149469105
0.03679627260133114,0.648745701025267,0.10912838832958506,0.2053296380438166
0.039056294685695755,0.562551464578888,0.14361199096958874,0.25478024976582697
0.1953164170802098,0.06111944168232302,0.461973209769746,0.28159093146772085
0.03765504271516541,0.5737922417490048,0.12852081166808899,0.2600319038677406
0.8949999935446143,0.03499999999999983,0.0350000060776669,0.03500000037771696
0.058083118811249654,0.03727085975959328,0.39876913729920366,0.5058768841299535
0.04206652053197183,0.25958388803620447,0.24141577432200276,0.4569338171098199
0.8949965148587445,0.03500000000679729,0.035001720201425286,0.03500176493303161
0.03649354133937841,0.7079526423914875,0.06399513820760276,0.1915586780615316
0.039704798959601786,0.035844410134208075,0.3820584806206752,0.5423923102855146
0.036274853144251266,0.666743124960569,0.10390836561439856,0.19307365628078163
0.33439342419087414,0.036138692784005236,0.36950498416799793,0.259962898857123
0.050436346282596245,0.03500000088025889,0.6937936764497562,0.22076997638738896
0.039354891453074296,0.5694333129971738,0.13784285844531488,0.2533689371044373
0.03574893058413677,0.741336636044859,0.07463425985387268,0.1482801735171309
0.04379367357767782,0.052736280235324534,0.2557354790526691,0.6477345671343292
0.036805731472613346,0.09164528198422865,0.2431436843256712,0.6284053022174874
0.05179995492262541,0.03537007527781652,0.4333363142849226,0.4794936555146358
0.04015273104462686,0.1659786255251483,0.21306233992221854,0.5808063035080061
0.8927090602340899,0.035000000108523166,0.03614310630257454,0.03614783335481103
0.03558862097494438,0.7175425323235415,0.07494220553800987,0.1719266411635039
0.045709109771849867,0.03500000114939653,0.6478944239077531,0.27139646517099997
0.03639943246274117,0.6190963386546865,0.10425701062571728,0.24024721825685466
0.04429650346663667,0.14362857964267922,0.2553145711801605,0.5567603457105238
0.03626535611381073,0.7325674682105764,0.07592385351857156,0.15524332215704092
0.03562653058127402,0.7463559892434274,0.06259201098421513,0.1554254691910848
0.41917141558691545,0.03610604454290968,0.3127963637614957,0.23192617610868
0.05965816462153603,0.049863513841616004,0.29022077856108586,0.6002575429757622
0.03923815930438201,0.38080683963421175,0.1903323914703297,0.389622609591077
0.579338786424918,0.03500285413238007,0.23126017619739841,0.15439818324530288
0.036396467074044155,0.685437954584362,0.08202448161391275,0.19614109672768076
0.8878247113762386,0.03500000000252075,0.04079974820528375,0.03637554041595828
0.035424999906547794,0.7353622895785371,0.06988435178567974,0.15932835872923606
0.0585202890650224,0.03637111591455272,0.42141581555268454,0.48369277946774114
0.05634327631008106,0.035000000003843,0.5628535576063057,0.3458031660797695
0.036348242017290915,0.7226956119709046,0.06188763747640878,0.1790685085353975
0.03501007268113187,0.8162174080460506,0.037566856621015096,0.1112056626518034
0.5404236676798315,0.03688584940145757,0.2023148105298393,0.22037567238887204
