I,G,C,H
0.0411684699377765,0.035339601412639636,0.40378065136659336,0.5197112772829802
0.039587532342186,0.035000000307463065,0.5417118272844711,0.3837006400658911
0.03564596514287323,0.572089779519037,0.10009674175977515,0.29216751357831316
0.040648800898488685,0.03506004433927194,0.5793831082029494,0.34490804655929724
0.800984135912723,0.035000000076215766,0.12259311811196126,0.04142274589911182
0.04127390297444961,0.0350782546227236,0.5688379184399374,0.35480992396287897
0.48734205662852814,0.03503527479776455,0.3535096634057813,0.12411300516791449
0.039104562769170126,0.2691632419701751,0.28277810496846173,0.4089540902921909
0.8736826189571835,0.03500497834686221,0.051798578736546703,0.039513823959399584
0.03548109403227348,0.5554740887036621,0.13948259690406417,0.26956222036000616
0.03769675769428719,0.30989630743805396,0.2538376933899272,0.398569241477737
0.03536409652316212,0.7110971885732907,0.06535887805211257,0.1881798368514252
0.7901864573363632,0.03500027814990231,0.09471961374741052,0.08009365076632068
0.20536055157257396,0.03500469214895196,0.5014242202773976,0.25821053600106675
0.04049033543608363,0.12769484215766658,0.3295252253282636,0.5022895970779931
0.03745082026624342,0.03522125672214412,0.3122426233304582,0.6150852996811439
0.04354189690052817,0.03516655890706235,0.511014897305185,0.4102766468872256
0.040357320913751125,0.22571381487062397,0.3350519332235002,0.3988769309921155
0.0370228537330663,0.043848782946734756,0.23017821702799693,0.6889501462922037
0.0362682227572839,0.5508858938226685,0.1647777458563377,0.24806813756371082
0.04006093030706693,0.05478140702986678,0.3058067030484337,0.5993509596146416
0.03579547165493647,0.46961841253143,0.1787308860504504,0.31585522976319386
0.892920185498367,0.035,0.036929630997702814,0.03515018350393549
0.03536414966864784,0.7110948511296116,0.06536379531913811,0.18817720388259387
0.035318451167075916,0.6077015106891992,0.12651381713097976,0.23046622101275238
0.03640373066142029,0.4600507862670229,0.19931474294378612,0.3042307401277641
0.2818923181429177,0.035007074855629434,0.37524219876569204,0.30785840823575333
0.03544588313434642,0.5747440214383274,0.13550570640863366,0.25430438901869085
0.03535611410684545,0.6252157059922503,0.11461138381286749,0.2248167960880409
0.03573075663477775,0.5457155307063005,0.15025159113241313,0.26830212152651833
0.03910724386247111,0.2690191545519231,0.282769366316099,0.40910423526950773
0.0433748726086008,0.035031448660569994,0.5503471777304876,0.37124650100034334
0.04370975813878211,0.03500000000020944,0.649724144225485,0.2715660976355142
0.03975153523940253,0.03500220696472799,0.5298249867579818,0.3954212710378941
0.2013799594608882,0.03500292579004317,0.5134439750372568,0.25017313971181093
0.0388108226057457,0.061932156236975414,0.30817812987728,0.5910788912799931
0.0450043909827168,0.05059298295120662,0.5969159743297081,0.30748665173637907
0.8929226187358251,0.035,0.036927122972164744,0.0351502582920167
0.1963055237414623,0.035000000000081626,0.620987242443734,0.1477072338147146
0.04486770508175945,0.04517819044197729,0.4547452271232211,0.4552088773530354
0.044291411130317315,0.035142892003294256,0.4759492212533174,0.44461647561307394
0.039422158223485174,0.03501965163808298,0.345111078136778,0.5804471120016659
0.03708548019363574,0.03608395831233219,0.21244857133800493,0.7143819901560161
0.04276494673694629,0.035025022124225785,0.560226979682662,0.3619830514561599
0.059874300541311515,0.048206666520179374,0.5588562016640445,0.333062831274458
0.055792413907722375,0.035000000001632926,0.6691331501700516,0.24007443592058214
0.04354792393629056,0.03516449874447977,0.5114923770957664,0.4097952002234721
0.7902738745374399,0.035000279240153656,0.09466461425024346,0.08006123197217474
0.03708741706392101,0.05048187125971542,0.28823955255348477,0.6241911591228726
0.11256542862743366,0.03500012736841076,0.5937713753256558,0.2586630686785111
0.19992146085598334,0.037704535630256095,0.4757685617676615,0.28660544174609137
0.11257845470091049,0.03500012740671311,0.5937873741294551,0.2586340437629098
0.04383604525807279,0.035,0.8194992898659935,0.10166466487592533
0.039951627849642006,0.035081682292113704,0.5117591215267417,0.41320756833149913
0.04300009892007744,0.047528068685201486,0.5882487316821584,0.32122310071256965
0.04300063739476401,0.0475303985028539,0.5882356013166865,0.32123336278569037
0.044462072694513834,0.03616186835723009,0.40507400167999125,0.5143020572682533
0.0364814464869132,0.037011605892789484,0.3786612884176385,0.547845659202649
0.03708799448879099,0.03608917485420888,0.21264559180005443,0.7141772388569446
0.03519143120547981,0.48600654348949646,0.06607966506659443,0.4127223602384398
0.04247413842247384,0.03510347825442329,0.5213292939024593,0.4010930894206341
0.5790142385376974,0.03536383705394765,0.23179836454620908,0.15382355986215662
0.892953238438035,0.035000000042526305,0.03649226550234399,0.035554496017088336
0.054515759727143794,0.03504208861570894,0.6507611635699343,0.25968098808720763
0.0563894276215362,0.03500003636590404,0.5368095757741401,0.37180096023842896
0.05151823991256281,0.03500000000000011,0.7391908134527703,0.1742909466346764
0.035191795693877564,0.48592688636565595,0.06613967902546047,0.4127416389150007
0.03573388689452813,0.5455516327676008,0.15058004870378844,0.26813443163408446
0.03596057554965963,0.45232863290531833,0.1892469686230847,0.3224638229219293
0.32644426193079834,0.03500000000000006,0.4968643103786718,0.14169142769051798
0.04859097367128377,0.03500000758988589,0.5498937355383331,0.3665152832004928
0.04371185715359885,0.03500000000021641,0.649134711964175,0.27215343088201505
0.035794294853351775,0.5405022921570026,0.1565914007139028,0.26711201227574854
0.03693950504361906,0.41191277044935715,0.244476117785914,0.3066716067211006
0.036519516611460495,0.08654268453485517,0.41548864573307775,0.4614491531205963
0.03694731243126099,0.4288129632276817,0.23903054245289407,0.29520918188817014
0.04000378202020758,0.035034025668659416,0.58784602229226,0.33711617001888067
0.3887206792060681,0.03500475565289581,0.3144982933498867,0.2617762717911377
0.0759640909278157,0.05536428729027443,0.531606731818844,0.337064889963056
0.03948212075705472,0.04343686585886734,0.41337065920124805,0.5037103541828276
0.042687667981809306,0.03505440541411634,0.6600675945731412,0.2621903320309344
0.04247265796745983,0.035103534352512844,0.5213015441143747,0.40112226356566355
0.035134270088000505,0.6919435722607603,0.05078066998318388,0.22214148766805786
0.0449040108611241,0.03513278075903499,0.5008149393054342,0.4191482690743996
0.035766683810660435,0.5605529739342072,0.15050936785575264,0.2531709743993718
0.04120548693569474,0.03500017124861291,0.5714457058618222,0.3523486359538719
0.035480555811966755,0.5555460046533933,0.13943164494220253,0.2695417945924274
0.035295363933203865,0.649796373538521,0.07696874212421548,0.23793952040406668
0.04053571675098197,0.03575025309111343,0.4439118917781386,0.47980213837976415
0.035795169839025476,0.5404285126309976,0.15663651462833889,0.2671398029016454
0.12519023126701978,0.03500003251687804,0.6207303187053176,0.21907941751077978
0.6954801727634328,0.03502318762417,0.17968104463375376,0.08981559497865169
0.038314057864015594,0.12988991093377728,0.31795795173454094,0.5138380794676595
0.037335311051428566,0.30350879052563506,0.24789100422874225,0.4112648941941841
0.8099446618632737,0.035000107421630046,0.08903455435438562,0.06602067636070694
0.03744791247314532,0.035221571515500094,0.31204523715346877,0.6152852788578794
0.03579040395976588,0.5432725835586013,0.15240856913835782,0.2685284433432861
0.03634484837949431,0.4773578244890281,0.19396585207048073,0.2923314750609876
0.03547202955810795,0.5938569645173533,0.14200767684276167,0.22866332908178744
0.03528791251964063,0.6071322058346416,0.07951030595287421,0.2780695756928343
0.04476834195584971,0.03502835750636882,0.5820990868475705,0.3381042136902118
0.7526079041012401,0.03500214538319345,0.11773413609728511,0.09465581441828308
0.03621258325107057,0.03659952418944781,0.36671552108349625,0.5604723714759765
0.03892627048422697,0.03500024128583638,0.6374255931567067,0.28864789507322286
0.035705898666588964,0.6405192279500613,0.12655758473243436,0.1972172886509167
0.03576587407636406,0.5607440502178629,0.15038658167749086,0.2531034940282824
0.03719816762985767,0.20420272567880585,0.34732307333964274,0.41127603335169716
0.04649257176362668,0.03570590778088382,0.5735523626910393,0.34424915776445164
0.8052661419664131,0.03500001756128279,0.10383354252806594,0.055900297944237884
0.03993625545967354,0.08033771159473266,0.23681225996800045,0.6429137729775932
0.8924462565690484,0.03500001822363333,0.036645891149538916,0.03590783405778737
0.0438277978616543,0.06986907646709886,0.45180590612171284,0.4344972195495258
0.039929641230979473,0.08035435871574494,0.2368421079104798,0.6428738921427902
0.037591758155949326,0.33380700548974473,0.22813966541254072,0.4004615709417574
0.03958812830929025,0.03500000030655122,0.5417415390319991,0.383670332352151
0.03567036844392525,0.5803357906371688,0.17675270273555138,0.20724113818334516
0.043829594341038114,0.06986907374118939,0.4518148636028226,0.43448646831495213
0.8938120212310614,0.035000001466744125,0.03598353535325424,0.03520444194894351
0.041165917802445266,0.035339448161074975,0.40373189339060744,0.5197627406458764
0.05828218594183486,0.15546266748919793,0.3825495559337766,0.40370559063519873
0.0502828791168812,0.1436646594133758,0.35259799659829405,0.4534544648714607
0.0354463169147251,0.5747648024077785,0.135509896232101,0.2542789844453855
0.03558117182820482,0.5731560516839074,0.15012705706435447,0.24113571942352324
0.7332417271198166,0.035001143309671,0.13616174507779122,0.09559538449272839
0.867921708778176,0.03500000254353167,0.052969374512509215,0.04410891416578089
0.041207649940675786,0.035000171691546254,0.5714082482787268,0.3523839300890524
0.04025072516847526,0.1414599930309438,0.3514724990449527,0.4668167827556242
0.036268009466357415,0.5508767569500883,0.16479843405148736,0.24805679953205623
0.1821923318733972,0.03500000000000508,0.6485491347408808,0.13425853338571717
0.05543534032207373,0.03500008608054314,0.5350356615444265,0.3745289120529657
0.03579002064014549,0.543304339964498,0.1523903540959096,0.2685152852994389
0.051515884600144946,0.03500000000000011,0.73918037801038,0.17430373738947944
0.040826589930451296,0.035809930730687355,0.4529351627746449,0.47042831656422235
0.0691697840366343,0.03512728965250776,0.6224564196830183,0.27324650662784894
0.8921332883637811,0.035,0.03733054170762862,0.03553616992859501
0.04688100496387119,0.13515928180489423,0.3585523258052137,0.45940738742602183
0.040059416282600194,0.05478271156529092,0.30573321736575054,0.5994246547863608
0.12526951782110124,0.03500003243780592,0.6207160443618016,0.21901440537928712
0.035035330194423925,0.6623680226492747,0.041339477793893,0.2612571693623984
0.04004893518318528,0.035086430076050196,0.5031169237107842,0.42174771102997216
0.1317690699558544,0.03657718789551473,0.532285555691104,0.2993681864575273
0.03520233824649833,0.39379720742053825,0.12655268498787656,0.4444477693450759
0.03942001040122706,0.03501970770922419,0.3450389087902291,0.5805213730993125
0.8011284810173719,0.0350000000756841,0.12246356312711876,0.04140795577983403
0.4874020019472659,0.03503525809986844,0.35345325896140645,0.1241094809914525
0.8926208232270362,0.03500000006946898,0.03672696268993354,0.03565221401356859
0.19353190346608237,0.03500000033400307,0.5737691225591561,0.19769897364076777
0.03532894470552811,0.406707025020116,0.13596100280837423,0.4220030274659756
0.8939401248537422,0.03500000109224689,0.03588017925265333,0.03517969480136783
0.035892247162934335,0.45438024623808104,0.16957406790744411,0.34015343869154857
0.03888322759967501,0.05707275357869651,0.3189397791594079,0.5851042396622099
0.037896003790303605,0.035,0.7635981379314012,0.16350585827829656
0.03975152475218935,0.035002205314416446,0.5299013803244002,0.3953448896090036
0.03759566245221043,0.3334304238298972,0.2282551422151241,0.4007187715027665
0.035295291210582974,0.6498336499777355,0.07693807324156408,0.23793298557012005
0.03843555387973207,0.12177610601892307,0.4049501859488998,0.4348381541524531
0.8736764593697683,0.035004982470555335,0.05180265804194988,0.03951590011772182
0.8924504517231352,0.03500001820919273,0.03664308117148412,0.03590644889618779
0.34193194562542917,0.035060363096395736,0.3319923238169028,0.29101536746126494
0.03557390748375851,0.580589897941278,0.09712741725030309,0.2867087773246622
0.038882821101110396,0.057047956723114204,0.31892882505026926,0.585140397125505
0.8922945249050216,0.035,0.03720387554954545,0.03550159954542316
0.044865274853652416,0.045188859841093554,0.45474040048574976,0.45520546481949525
0.04268665337091651,0.035054420215903215,0.6600354838355256,0.2622234425776478
0.0352872397890142,0.6072234148947422,0.07942085302084663,0.27806849229539604
0.3796586210895132,0.03505061991121819,0.31457711187433685,0.2707136471249215
0.03808934423820505,0.04840661447531006,0.2507470376223872,0.6627570036640988
0.035090657551871456,0.7115023139029556,0.047807438631904765,0.20559958991325722
0.3264289226151843,0.03500000000000006,0.49684387226560195,0.14172720511921302
0.037889345538097724,0.035,0.763800348168762,0.1633103062931296
0.04437080521558998,0.03514380841616688,0.4845118058750772,0.4359735804931621
0.03580050928588117,0.5615027903758524,0.18483348339077316,0.2178632169474867
0.03920654933634339,0.1404854733566032,0.3220034810822086,0.4983044962248417
0.035318405489503796,0.6077030159933446,0.12650393171241114,0.23047464680474009
0.068714788488514,0.03500034320040077,0.5274931366648369,0.36879173164625567
0.038120750244886745,0.03500011034637215,0.6514256627491861,0.27545347665955405
0.8052891192923199,0.03500001756109027,0.10380629938897477,0.05590456375760948
0.03535616763078525,0.6252182074492231,0.1146070696988071,0.22481855522119243
0.04382823708036337,0.035,0.8196156728971323,0.10155609002250997
0.044764920996426476,0.035028464118051716,0.5818913817694085,0.33831523311612344
0.8678732976735777,0.03500000256360307,0.053002886962087735,0.04412381280073252
0.035035372225035735,0.6623064894254715,0.04134813100850983,0.2613100073409747
0.043648386384852626,0.047709261423648945,0.6120857322193344,0.29655661997217214
0.03570553385295567,0.6405225203326472,0.12655521403931158,0.19721673177508872
0.05579429827180864,0.03500000000162851,0.6691782624319677,0.24002743929458714
0.04024937001963108,0.14148054830400433,0.35143829372049207,0.4668317879558683
0.04035704134181573,0.22566777756036518,0.3350564090135696,0.39891877208425774
0.046489663307496085,0.035707789096452246,0.5735056904313687,0.3442968571646762
0.03986627189169257,0.04421078709953583,0.4225145223022843,0.4934084187064984
0.040492383032068084,0.12735070477300772,0.3295877189769685,0.5025691932179661
0.541138072941426,0.03512989335029323,0.2847798634447351,0.13895217026355747
0.04461904853017865,0.03512454590186414,0.5048234726883213,0.415432932879628
0.03719793593784823,0.2042209509997069,0.3473035016595067,0.4112776114029393
0.039358951421077606,0.03502395958079151,0.5991265282481542,0.3264905607499663
0.6193281935428481,0.035019968832711246,0.19463634442933417,0.15101549319510985
0.0444669714483311,0.03614932085435763,0.4052760726708505,0.5141076350264524
0.052322233321932705,0.14549596528916076,0.39271385039483564,0.4094679509940786
0.035892226642006274,0.45444439058783703,0.1695689135175285,0.34009446925261616
0.4240810207282798,0.03606530805049392,0.3250289548335582,0.2148247163876801
0.2848466468351242,0.03500000044219267,0.5037006232420588,0.17645272948062243
