I,G,C,H
0.04384168671669591,0.03650170752442978,0.37168606156913786,0.5479705441897372
0.0408431046154101,0.03500048356217657,0.5759958440316044,0.3481605677908082
0.03592088955257075,0.5902912527465686,0.08579903815681268,0.2879888195440503
0.042070073840439356,0.035522938335875213,0.6282512219802827,0.29415576584340314
0.75257395199007,0.03500044490807345,0.16816062851346944,0.04426497458838753
0.04291689120199454,0.03553034733572417,0.6112670455429821,0.310285715919299
0.5083292036559185,0.035332544719710625,0.35217499750550363,0.10416325411886702
0.040076309233877824,0.20001133485318015,0.26502206744643386,0.49489028846650845
0.8414849873875868,0.0352010513608147,0.07645584561095858,0.046858115640639984
0.03566876913510724,0.5912587322540392,0.11398757278178531,0.2590849258290688
0.03819050996738815,0.2343720857242468,0.2392637550354834,0.4881736492728822
0.03560715161542031,0.7380474531545643,0.06079234251637621,0.16555305271363824
0.7380336899017634,0.035030063975558495,0.1273687076845055,0.09956753843817223
0.3246554527034656,0.035101185718193796,0.4455254091462046,0.1947179524321364
0.04106219471185533,0.10212974786006368,0.28957637500822364,0.5672316824198577
0.03806216043721518,0.0360955241839607,0.25571879641386874,0.6701235189649537
0.04703058439058714,0.035953886333165645,0.531720512597217,0.3852950166790303
0.04377368380354703,0.17078854829879425,0.33655062421849663,0.44888714367916144
0.037888043652772097,0.04795811309317113,0.1749413045824821,0.739212538671576
0.03674567513747486,0.5898130212606297,0.1389572459483329,0.23448405765356195
0.04151755939199058,0.05694271543026095,0.24676078615750036,0.6547789390202495
0.03616623025507987,0.4323749692316386,0.1574412226112189,0.37401757790206364
0.8807750704462689,0.035000000000954504,0.047889511128598274,0.0363354184241785
0.035605124041031735,0.7386093743066112,0.06124026947289036,0.1645452321794671
0.0355044467347288,0.6563769639538505,0.10433223132848504,0.20378635798293676
0.03691961209457795,0.45597616410222874,0.17668128480574197,0.330422938997452
0.3677268227662587,0.03510696764596623,0.3381541774567413,0.2590120321310337
0.03564863445853932,0.6166928543372329,0.11221679295518779,0.23544171824904062
0.03552270177351858,0.6698191581805027,0.09468701782713256,0.1999711222188453
0.03600167984229548,0.5778636346586328,0.12665522736339624,0.25947945813567497
0.03999135174398008,0.19443209477265408,0.2647048034815722,0.5008717500017936
0.04638356291253334,0.03528512477584547,0.5876391765188241,0.3306921357927966
0.04619321182520237,0.03500001881897556,0.701360980333467,0.21744578902235537
0.04120342680933134,0.035069146556603134,0.5593175217233898,0.36440990491067515
0.29632087446109373,0.03508002862621932,0.4783785897787462,0.19022050713394176
0.039396313117851606,0.0608787318062027,0.25169345601566695,0.6480314990602782
0.047509848241457146,0.05205492674267182,0.6461572562219973,0.2542779687938737
0.8818018682638363,0.03500000000371999,0.04682759287427903,0.03637053885816333
0.31590849272222427,0.0350000090124231,0.5384077726260671,0.11068372563928323
0.05009123274429489,0.047299012226686976,0.44911262977639865,0.45349712525261665
0.048729102067992074,0.035803598248234966,0.48001065141758015,0.43545664826619274
0.04064840691342009,0.03526845117691744,0.29526002248355276,0.6288231194261094
0.03796264157963433,0.03816117219664485,0.16619547486994116,0.7576807113537793
0.04636387113956126,0.03532134382191466,0.6006096448451147,0.31770514019340923
0.113198862244839,0.05181638709378925,0.5546352262780277,0.28034952438334393
0.0739502150191321,0.035000061868217296,0.7039004220795543,0.18714930103309355
0.04722899647198828,0.035876135125837275,0.5330064646149053,0.383888403787269
0.731171399264358,0.03503086277349323,0.13078761673002537,0.10301012123212422
0.03836259585381953,0.051574116491118226,0.23651729588767872,0.673545991767383
0.22864396051632815,0.03501064108503806,0.5417981389814743,0.19454725941715922
0.3039610142824213,0.039427030046845474,0.43063126926622336,0.2259806864045098
0.2359445208607077,0.035011583304384884,0.5371465978176438,0.19189729801726313
0.046312206898292796,0.03500000000364563,0.8317316902518387,0.08695610284622296
0.04186987186176206,0.03568397606813063,0.5345727539573794,0.387873398112728
0.04426918877062219,0.050114915620265446,0.6378832736669321,0.2677326219421809
0.04512368863679005,0.05083270007439815,0.6350123963136598,0.26903121497515253
0.0478580903359859,0.0378894099362263,0.3720780384651552,0.5421744612626319
0.03706969862234971,0.03952328759522304,0.3351915934326205,0.5882154203498061
0.03778738615599207,0.03820866070878257,0.16679778638119064,0.7572061667540354
0.035373292176011074,0.40205605654329407,0.06103697869924495,0.50153367258145
0.04539628657348559,0.03568656839225039,0.5423596026275667,0.3765575424066967
0.5921524233899307,0.03669366420147322,0.22710984727165096,0.14404406513694443
0.8859806704714539,0.03500020459739905,0.04148204952552832,0.03753707540561899
0.0933753628422766,0.03556440478226107,0.6576675936562664,0.21339263871919661
0.08246272245579546,0.03500510567643874,0.5517646536242179,0.33076751824354833
0.07691218663886788,0.03500000092106513,0.7460677219152142,0.14202009052485312
0.03535263954111568,0.3961698884173334,0.05887808419497779,0.5095993878465742
0.03597427155769217,0.5830490232795797,0.12556140844032518,0.25541529672240204
0.03621689890267919,0.41036439978606565,0.16672114052543802,0.3866975607858175
0.39340078464231304,0.03500000043331965,0.4604962811661329,0.11110293375823474
0.07047629710996026,0.035003928845956316,0.5651096943753118,0.32941007966877184
0.045837284778523286,0.03500000961662071,0.7041673559288677,0.2149953496759895
0.03609930367666447,0.5710192082178337,0.13099679831047734,0.26188468979502294
0.03814835872400089,0.378246439645209,0.24034261202917112,0.3432625896016195
0.037994625542510214,0.07941820400789942,0.4124580655297675,0.47012910491982324
0.03788621372782198,0.4032722739417892,0.2336229190107217,0.325218593319667
0.04115013461216438,0.035305127844257524,0.6345014659822724,0.28904327156130594
0.44373582272076034,0.03510191746752322,0.2888794690574243,0.23228279075429178
0.16866879941485924,0.053448680783273396,0.5084125651418919,0.2694699546599753
0.04085116529573286,0.04747685413702295,0.38980747448205305,0.5218645060851915
0.04506712399013284,0.03546677472055263,0.7051223042865968,0.21434379700271738
0.04453795256536385,0.035681613713295805,0.5474824610775357,0.3722979726438058
0.03528489726693988,0.7243602753476647,0.04992859042175152,0.1904262369636446
0.04988049842347417,0.03579897578843729,0.5178754402289991,0.3964450855590888
0.036005570643973174,0.6049733050481451,0.12414360372325155,0.2348775205846303
0.042663895829126865,0.03501530138257066,0.6145571663936302,0.30776363639467075
0.03567486656843017,0.5957172645654258,0.11398815466973462,0.2546197141964099
0.035523645945159055,0.6862932730325593,0.0682315232669554,0.2099515577553264
0.042261643835689915,0.03750770767550231,0.43103884833597533,0.48919180015283237
0.03615012543661788,0.5669655088438083,0.13450937649937178,0.2623749892202028
0.23401357813854756,0.03500690719671189,0.5707670157111728,0.1602124989535686
0.6678083760448665,0.03545311762454445,0.20069192695174726,0.09604657937884119
0.0391771562974922,0.10322454500267625,0.27935687299269746,0.5782414257071349
0.0379126690717332,0.2201349973579425,0.2241603646174669,0.5177919689528578
0.7498835388570789,0.0350365419517413,0.12898093888903941,0.08609898030213962
0.03829776397774802,0.03610849904055363,0.25627319324389963,0.6693205437377981
0.03614242572488802,0.5740688195242004,0.12953491745208565,0.26025383729882634
0.036906265423103504,0.47946975506108963,0.17626257384297148,0.30736140567283504
0.03567092010081013,0.6444989718448835,0.11602077194059579,0.20380933611371016
0.035494164760777054,0.6361889565206821,0.0700731882186958,0.25824369049984497
0.04815754426004438,0.03530653712135167,0.6304854055812834,0.2860505130373204
0.6889091144718154,0.03515971953434434,0.1559907513666117,0.11994041462722871
0.036983301631588715,0.03936208181223267,0.32374340455101913,0.5999112120051577
0.04005834624070034,0.03501959749777663,0.689998515469359,0.23492354079216407
0.03596411896591369,0.6770815195144388,0.10605407546688886,0.18090028605276012
0.035988391895273496,0.6047823609922229,0.12416374335233862,0.23506550376016458
0.03754489595091808,0.15195152304003745,0.3550696351652764,0.4554339458437683
0.051990895869086236,0.037182856208059965,0.6131270738186922,0.29769917410416225
0.7459456825407835,0.03500778161424791,0.15322050630496126,0.06582602954000848
0.040473844441214026,0.07380827503312026,0.18318579963539652,0.7025320808902688
0.8781769536479526,0.035014315880387996,0.04576578365631071,0.04104294681534788
0.04877152900005986,0.06605135628069413,0.45836092958617647,0.4268161851330697
0.04023530132871228,0.07346304045269705,0.18061148606880117,0.7056901721497892
0.038085748577168746,0.2548527883401136,0.20735219711247252,0.49970926597024534
0.0409537442482904,0.03500041716699675,0.5775573329567084,0.3464885056280051
0.03589985406771362,0.601799562855863,0.16203123666269875,0.20026934641372465
0.04878173436156322,0.06533465139643643,0.4569598499730779,0.42892376426892076
0.886141814439726,0.0350034974161655,0.04186708867252503,0.03698759947158222
0.043443517708039,0.03652447551682476,0.3708037752457965,0.5492282315293397
0.1629476386666123,0.11542648707057418,0.35518672191994605,0.36643915234286756
0.11494851110950718,0.10697038166487866,0.32155126869630646,0.45652983852930895
0.03561008554292284,0.6205166598321853,0.11099740495853712,0.23287584966635327
0.035840606418868166,0.6189708695612944,0.12483255084833883,0.22035597317149885
0.685813770700203,0.03505354310500521,0.17283232004616725,0.10630036614862522
0.833593022328984,0.03500294657072725,0.07598960984160742,0.05541442125868
0.04325302853391899,0.035019956180794024,0.611735722307024,0.3099912929782629
0.04141967680845872,0.11421373190346477,0.3289322367243496,0.5154343545637262
0.036576188407318376,0.5967497008819216,0.13569747603684854,0.23097663467391136
0.27632773238485675,0.03500000739893757,0.5877163551018585,0.1009559051143467
0.11046505595455398,0.035015133626066904,0.5237019400443715,0.3308178703750072
0.036093485893720315,0.5754739597979099,0.12753103001867092,0.26090152428969937
0.0791875843588778,0.035000001720699,0.7473091175736145,0.13850329634680983
0.0428864644003407,0.03776135270327298,0.44337054186640973,0.47598164102997703
0.12934663328347853,0.03571296189157083,0.6201920028119259,0.2147484020130245
0.8753683020894205,0.035000000190002836,0.051393889756884116,0.03823780796369258
0.0783728095954353,0.11480634112360519,0.3370526924598832,0.46976815682107637
0.04115871316137785,0.056690782425865116,0.2443470975183636,0.6578034068943923
0.2337094212345612,0.03500745361424715,0.5726601173428614,0.1586230078083287
0.03509557908861348,0.6945391534656782,0.04178482050807813,0.22858044693762952
0.041350409392973825,0.035541159457358654,0.5210739526290341,0.4020344785206328
0.23677122740094794,0.039485014016256335,0.48711862970994396,0.23662512887285206
0.03538078186919853,0.2936018032120589,0.10286874876299064,0.5681486661557535
0.04077286874438434,0.03526494545234002,0.29334822784712433,0.630613957956152
0.7576617025332903,0.0350004704360626,0.16325901497415743,0.044078812056489405
0.49934563790962533,0.03534140013702698,0.3590088641974154,0.10630409775593189
0.877791271064386,0.03500084309400002,0.04781728977905995,0.03939059606255408
0.3058704397213626,0.035000828141347896,0.5118016234046623,0.14732710873262794
0.03548436484978998,0.32178928938354573,0.11457851209300882,0.5281478336736559
0.8903227685106674,0.035000842936828425,0.03863169576066599,0.036044692791838154
0.03617682337758552,0.42420431618964727,0.1469406192023403,0.3926782412304268
0.039429201835503094,0.057558515002744885,0.26189644399244866,0.6411158391693031
0.03860341702148401,0.03500000000000005,0.802228125488427,0.12416845749008935
0.04119428118044055,0.03506872728831087,0.5597709580261429,0.36396603350510687
0.03804058323375426,0.25295113829554333,0.2057509620029758,0.5032573164677262
0.03549857389440522,0.6855966068953933,0.067704905054989,0.211199914155213
0.038961511928064185,0.09925225022784741,0.4082174667111144,0.4535687711329733
0.8377991606201024,0.03527528526571323,0.07847272039894054,0.04845283371524361
0.8794043725461281,0.03501389524150044,0.04491706135139342,0.04066467086097856
0.4089223762165245,0.035449693553492145,0.29983664915031405,0.255791281079669
0.035791865402999765,0.602923315036976,0.08117653697157565,0.28010828258844855
0.03928050157791606,0.05652174498154905,0.2607392554132179,0.6434584980273176
0.8796052317856793,0.03500000016666189,0.0479077149107827,0.037487053136875
0.05104905366943315,0.0488979418957747,0.4486748728657658,0.45137813156902884
0.04463751463851107,0.03545907192802204,0.711024004185824,0.20887940924764326
0.03549727066575072,0.6330680155865129,0.07108390509016867,0.2603508086575672
0.43557201616895086,0.035431949920401565,0.2883605578909627,0.2406354760196851
0.03873675194461182,0.05097883576540874,0.19291683696072057,0.7173675753292578
0.03520630435066009,0.7497732177186994,0.04656284212631085,0.16845763580432946
0.3976650376876306,0.03500000033487531,0.45439305995007623,0.11294190202741769
0.038722927964275684,0.03499999999999985,0.7992069016247323,0.12707017041099342
0.048961077098041844,0.035831375363823366,0.4928600531818001,0.42234749435633834
0.03601119402325782,0.5776332321755419,0.1716760390426591,0.2146795347585416
0.040040603352172674,0.11016967734492492,0.2893853370112546,0.5604043822916476
0.035497785904003466,0.6524173390993177,0.10594427434243782,0.20614060065424053
0.14843815380460518,0.03501877260672381,0.5069136773974999,0.3096293961911703
0.038954637816096954,0.03501322540681674,0.7139316546495335,0.21210048212755234
0.7457629820941437,0.03500760386821858,0.15492074734088773,0.06430866669675087
0.035506827674369475,0.6724443331092956,0.09344985656013705,0.19859898265619827
0.0459585876531189,0.03500000000355113,0.8340148810239458,0.08502653131938384
0.04865295785465808,0.0353382959492766,0.6242983857913731,0.29171036040469256
0.8312467611441028,0.035005514894127794,0.07839294212896239,0.05535478183280619
0.03509789841548078,0.6934700029920678,0.041976441433982305,0.22945565715846772
0.04747520278525909,0.050281555622528826,0.6691963865143357,0.23304685507787637
0.03595814711964246,0.6780628560325128,0.10463405031841881,0.1813449465294281
0.07308262473979171,0.03500003974027529,0.7014384484678623,0.1904788870520696
0.04111565451722213,0.11032849179887695,0.3254165120639377,0.5231393416199621
0.043356681556174254,0.1735272687434092,0.3361576644740801,0.4469583852263367
0.052251938554517145,0.03739121446222029,0.6107644995907117,0.2995923473925513
0.04093054916153969,0.04709749341915971,0.3960360008681144,0.515935956551187
0.04128460657846451,0.10667628365831312,0.2918753321343097,0.5601637776289132
0.5675571380672285,0.03565173733141264,0.27750188968451694,0.11928923491684199
0.0493912839781455,0.03563315346514608,0.5231513679656663,0.3918241945910415
0.03762469950157674,0.15306704716782688,0.35482554565441765,0.45448270767617927
0.04074986838021214,0.03532953329208946,0.6526709749675547,0.2712496233601427
0.6188265093113613,0.03523492022515362,0.19862006972281848,0.14731850074066616
0.04915817080388141,0.038083321014742856,0.3728889599609942,0.5398695482203819
0.11843839370783917,0.1146720309355639,0.37977886378117404,0.387110711575423
0.0361689456722742,0.4226671951005734,0.1446781310322014,0.39648572819495104
0.49276082472025373,0.03729978478972126,0.2927992796760446,0.1771401108139797
0.34474468226173066,0.03500107301063004,0.4832120515189919,0.13704219320864788
