I,G,C,H
0.048355787780259084,0.12038309333866919,0.14406542531994526,0.6871956935611252
0.03506523338792298,0.8485597302384918,0.03950324209138438,0.07687179428219994
0.06565873295184349,0.035013706360702314,0.40203258302352246,0.4972949776639304
0.17245828304782918,0.035000000000000295,0.7330722055541744,0.0594695113979967
0.03878744947590425,0.035000000000000094,0.8852302908921452,0.04098225963195259
0.05799567850485701,0.03500000114116611,0.6789721882003295,0.22803213215364948
0.8949595630354018,0.03500000000208105,0.035034206402946105,0.03500623055957074
0.03523091070926296,0.7653478231683692,0.055968019329554135,0.14345324679281382
0.03516763911977285,0.7551046375751264,0.05789004763131926,0.15183767567378123
0.07895269332133599,0.03778167729182968,0.498865581540797,0.3844000478460349
0.050256962684819335,0.035000000000000094,0.8063549168822659,0.10838812043291547
0.894959379368957,0.035000000000000094,0.035034950824600834,0.03500566980644332
0.03522221154431401,0.8020305398725059,0.04492733502866244,0.11781991355451778
0.03631114869780122,0.7618806062084152,0.06260942293774027,0.13919882215604396
0.8949999999996915,0.035000000000000094,0.03500000000026429,0.035000000000046445
0.8949768746386637,0.035000000000000094,0.0350185512348713,0.035004574126465654
0.04464336243799752,0.03585689373697695,0.7778180653283138,0.14168167849671073
0.0449349676637432,0.03500005181449072,0.19146796776428107,0.728597012757486
0.8949998059669795,0.035000000000000184,0.035000149172946284,0.03500004486007363
0.03516101366648976,0.8347270613114576,0.04017855838840111,0.089933366633651
0.035485306288603996,0.707513107304372,0.07138322318469398,0.18561836322232828
0.035951733087412535,0.8030230739765065,0.056744360090021775,0.10428083284605956
0.03541507218871687,0.7874424830617298,0.042304150018970574,0.13483829473058434
0.04700179213904409,0.035014038262317596,0.5175199974394485,0.40046417215918917
0.03511069192669638,0.7322674522099458,0.04479422820292167,0.18782762766043626
0.8900559651797691,0.03500000000095975,0.039365075816532834,0.035578959002737456
0.035444730627683885,0.8093952873951092,0.0444468434151479,0.11071313856205865
0.040403049001501115,0.035000000017157425,0.35251931273409015,0.5720776382472508
0.0619398304032606,0.03500000078564987,0.8591906398530712,0.043869528958016976
0.8949967155280492,0.035000000000000114,0.0350024246038338,0.035000859868117434
0.04371210641407482,0.03500000000164241,0.8427500375229505,0.0785378560613295
0.0440917265615656,0.03500000000236278,0.8428473624274676,0.07806091100860052
0.03656523381916303,0.03561969306193013,0.0596573888613588,0.8681576842575492
0.05791390775062341,0.035000000000000094,0.7459192448279625,0.16116684742141515
0.03741574424151787,0.6817605183194764,0.11057602803396378,0.1702477094050433
0.0355753619167792,0.7674370575057753,0.07048102203249479,0.1265065585449478
0.03524516456625461,0.7964860654744793,0.05428735727673118,0.11398141268253732
0.03518215178327028,0.8146607806526476,0.04296005005488073,0.10719701750920058
0.03516489335707023,0.7539295625763893,0.05723159413235981,0.1536739499341787
0.05674039228661359,0.035000000055014704,0.773908733505104,0.1343508741532664
0.03563916407501007,0.7751982794887305,0.06698223842767183,0.1221803180085863
0.03929664797351648,0.25691456997843143,0.3818626914357327,0.3219260906123035
0.08162345272020768,0.03508767110230127,0.5415254858636969,0.3417633903137956
0.035454534796889835,0.7390995976049581,0.04912606809320657,0.1763197995049464
0.03620201242465911,0.035000000000000094,0.8592521238306293,0.06954586374471053
0.8855836265944943,0.03500000000000032,0.043898501080065495,0.035517872325443046
0.8543735406994624,0.035000000000000094,0.07488749311011901,0.03573896619042039
0.03536562001445705,0.7808787336805796,0.06227526061833987,0.12148038568662407
0.7872404009496868,0.035484316671087826,0.0910153683145512,0.08625991406467516
0.8949981340388178,0.035000000000000094,0.03500165201882062,0.035000213942362815
0.06443342383744416,0.06971081818280458,0.5012262732546019,0.3646294847251487
0.06206668313496511,0.03501074871893184,0.36437486816250825,0.5385476999835945
0.036668589586182604,0.035550456536994055,0.059732961046935096,0.8680479928298879
0.044287705506818716,0.03568231633536362,0.7769405885736961,0.14308938958412154
0.04269590107566657,0.035000000000000094,0.8788829802445934,0.043421118679738566
0.8949947052751653,0.035000000000000094,0.0350052503110617,0.03500004441377238
0.03541465985844908,0.6938351933806973,0.0630156690589818,0.20773447770187034
0.03740455640305158,0.6574117745817296,0.11655529249144721,0.18862837652377246
0.03522465369186523,0.7985125617554186,0.054027145597399115,0.11223563895531756
0.040876250910315805,0.03500000147880244,0.8134714557068969,0.11065229190398457
0.04986619607314828,0.035000000000000094,0.8066435259325573,0.10849027799429402
0.03534421508561761,0.780505134791992,0.06222123280899025,0.12192941731339847
0.8949999167463351,0.03500000000000098,0.0350000632348358,0.035000020018830534
0.03559075863079141,0.7407653799054161,0.0500564725045289,0.17358738895926148
0.04698718815284164,0.035047483616432146,0.1838910387996712,0.7340742894310524
0.035266402913292534,0.7532103691413158,0.05910026197305556,0.15242296597233626
0.037571459444624554,0.742633707819982,0.07956391723328272,0.14023091550211
0.8949994881181597,0.035000000000000094,0.03500049500258681,0.035000016879255795
0.8869256381810999,0.03500000007540925,0.04221248752177102,0.03586187422172081
0.035302122408253186,0.8339547908224851,0.040332148432793466,0.09041093833646974
0.035180894684644554,0.7266367925892044,0.06245861800340022,0.17572369472274896
0.8866056832644237,0.03500000004024101,0.042530542233843116,0.035863774461495496
0.03828203180892708,0.035000000674239626,0.27782737375181016,0.6488905937650236
0.8949997375680466,0.03500000000000023,0.03500019860673973,0.03500006382521253
0.8949938279552522,0.035000000000000094,0.03500487898390198,0.03500129306084523
0.8949995723193471,0.035000000000000094,0.03500037679521512,0.03500005088543815
0.03519837971638642,0.8127093857779765,0.04374342242381323,0.10834881208182452
0.8898731097897418,0.03500000000075101,0.03950284887578413,0.035624041333722906
0.03525231003355471,0.7950945883582551,0.05858320170008013,0.11106989990810928
0.036831606263987036,0.3623280736976545,0.2365061977713091,0.3643341222670521
0.039797893960161146,0.03500000000740107,0.7780142277410068,0.14718787829143168
0.03587680974824499,0.820077078955225,0.04378027150345577,0.10026583979307296
0.03556763147323823,0.7778545869969595,0.06510195553915207,0.12147582599065261
0.03541335464360377,0.810035586234127,0.0577188933295826,0.09683216579268668
0.8949999856987919,0.035000000000000774,0.03500001055240466,0.03500000374880372
0.03624381798611028,0.03503037386911245,0.6053721722016971,0.3233536359430795
0.035513691702918675,0.7724897744935436,0.04127144733999875,0.1507250864635432
0.7523514532291864,0.035240323833463656,0.13460266376647623,0.07780555917087327
0.059104002720417846,0.0350000000000001,0.8378595219245397,0.06803647535504602
0.035449092997139664,0.6749352797496724,0.06482578297053751,0.224789844282649
0.03509838968559611,0.035000000000000094,0.8701142853198454,0.05978732499455766
0.03515169646103229,0.8353809101613467,0.04013322689836223,0.08933416647925874
0.035894199497075834,0.8036740549345667,0.055677925617028085,0.10475381995132726
0.03560064452635448,0.08483164582603583,0.10727728874074273,0.7722904209068672
0.04343848358627628,0.09521490705831002,0.17357353773493314,0.6877730716204793
0.048010115776985086,0.035057053876350525,0.18788019979625836,0.7290526305504019
0.053663984797659145,0.035000000000000094,0.8363622399275595,0.07497377527478041
0.03534996635452241,0.7805652324448189,0.06274614430295448,0.12133865689770192
0.03547838997156608,0.7745202483226923,0.04136377785004698,0.14863758385569484
0.5930151247630531,0.03500000000000153,0.2462671414393769,0.125717733797569
0.03816299736824492,0.7202632594422602,0.08925537212063915,0.15231837106885404
0.03662051744190261,0.25874820377804264,0.15806874914458213,0.5465625296354744
0.8949985854996908,0.035000000000000094,0.035001403475909285,0.035000011024398966
0.03524028469101416,0.7969134840451183,0.04571186028293045,0.12213437098093997
0.03553585685099984,0.15238676943537294,0.09644335716317448,0.7156340165504528
0.8946967438705881,0.03500000591364804,0.03524215381805236,0.03506109639771187
0.03599837660904706,0.8112776516601662,0.04521457548032529,0.10750939625046196
0.05689264233766861,0.035000000000000094,0.7438455120338456,0.16426184562848828
0.04367237510187544,0.09754895191746758,0.1750351345546985,0.6837435384259615
0.03631031978698453,0.03503195026624219,0.6088593810789095,0.319798348867863
0.1602836147771126,0.035000000000000135,0.7434829545963324,0.061233430626552614
0.035478880575457436,0.707914467386836,0.07181739971681524,0.1847892523208907
0.8501864141174859,0.035000000000000094,0.07902814728873142,0.035785438593783574
0.03877232098644831,0.15414311818464024,0.5377011696698204,0.26938339115909293
0.8949981614282609,0.035000000000333896,0.03500159776316844,0.03500024080823855
0.04538625529495796,0.03524422289622883,0.3970522884616795,0.5223172333471338
0.03842658187816855,0.03500000106233053,0.3013827383761989,0.6251906786833031
0.04985859420583898,0.11917929590082914,0.1403266257445058,0.6906354841488392
0.035786770030560175,0.035000000000000094,0.7820749274640665,0.1471383025053756
0.8949981663245269,0.0350000000002745,0.03500159283355412,0.03500024084164419
0.8949999999985174,0.035000000000000094,0.03500000000146228,0.03500000000002275
0.03930894875746808,0.26594502868808373,0.3569674485254095,0.3377785740290394
0.042451612536141846,0.035000000000000094,0.8180316261348457,0.10451676132901294
0.8949999999987636,0.035000000000000094,0.035000000001081916,0.03500000000015704
0.05885407319920803,0.03500000093860492,0.6903395736480801,0.21580635221410652
0.04108694908923345,0.03500000001917788,0.3560660824899623,0.5678469684016288
0.8942029249150987,0.03500001574263407,0.03563742628957347,0.03515963305269139
0.8949998801692076,0.035000000000000094,0.035000115781933475,0.03500000404886053
0.03549145218809898,0.03500078217071117,0.11054818700627551,0.8189595786349134
0.040991388521268525,0.288363061491695,0.2556410135782763,0.41500453640876095
0.06550846279110777,0.03569035294642478,0.7917525232438145,0.10704866101865404
0.05904010174316618,0.2513679628879,0.287019016844996,0.4025729185239401
0.03530744518950479,0.8328780375850409,0.04030553354430091,0.09150898368115154
0.03538133072098683,0.6792059707799113,0.08307264437858214,0.20234005412052003
0.039088031133896944,0.5997063489689759,0.07720693319827446,0.2839986866988537
0.035062112386031866,0.8471497406453028,0.039596081023385014,0.07819206594527994
0.8879499585049143,0.03500000000000024,0.04170973752399013,0.035340303971096595
0.03618710794270606,0.035000000000000094,0.8560415375137435,0.07277135454354804
0.06521155730133103,0.035000000000000094,0.8438467264360924,0.05594171626257674
0.0357317911454984,0.19945118301891773,0.10378506402895762,0.6610319618066278
0.0358955369872571,0.035000000000000094,0.7806950091943695,0.14840945381837284
0.5846634147379514,0.03500000000000121,0.2551673951432543,0.12516919011879163
0.8949588171504043,0.03500000000183757,0.035034888306802604,0.03500629454095505
0.8948411885547612,0.035000000000000094,0.03513630289539971,0.03502250854984167
0.04066410151458243,0.0623914493745693,0.3075630240660216,0.5893814250448286
0.041029960705222385,0.2936441395469295,0.2604982098356966,0.40482768991214935
0.8949961884862361,0.035000000000000094,0.03500353520972436,0.035000276304038375
0.04040023529307204,0.035000000966541246,0.8190704556516549,0.1055293080887343
0.07531327546341218,0.03834541081856352,0.46587050119719486,0.42047081252082635
0.06085073954025467,0.035000000969730945,0.8590007378127978,0.04514852167721622
0.04118535153017153,0.06223691980604903,0.3329453472058117,0.5636323814579686
0.04619034275305411,0.03500000000013628,0.8739645934052248,0.04484506384158411
0.042954134609155696,0.035000000000000094,0.8115882855405309,0.11045757985031507
0.03860142217936222,0.16185946783858685,0.5262921868176363,0.2732469231644144
0.03611201905253191,0.7812435917238784,0.05866738141146862,0.1239770078121221
0.03629531804686929,0.8059479291870786,0.05860221693857038,0.09915453582748102
0.04576103993942923,0.035015872733309014,0.5030064824343033,0.41621660489295914
0.04277410274841184,0.035000000000000094,0.8798886435161678,0.042337253735421
0.06280301775685147,0.03604137700917395,0.7834747952518346,0.11768080998213964
0.09034513741609468,0.035000000000000094,0.8126456262547406,0.06200923632916352
0.038815147811584724,0.035000000000000094,0.8847411236601276,0.04144372852828586
0.0454465066381868,0.03500000000008639,0.8751418697539113,0.044411623607815774
0.03667737613350406,0.31104193223068555,0.16288794844261556,0.4893927431931962
0.8947480577799964,0.03500000000007148,0.03520765913926847,0.035044283080663124
0.060852116178028576,0.06794960562735283,0.5081115404763906,0.36308673771822797
0.05923667005089836,0.03500000004697303,0.7614189637030349,0.1443443661990911
0.06150228909323507,0.24195851318734526,0.2945665711756792,0.4019726265437408
0.04386403598494455,0.03500345089371715,0.7292848227333926,0.19184769038794616
0.8949991375133648,0.035000000000000094,0.03500079390763019,0.03500006857900334
0.8949337534636945,0.03500000000003893,0.03506286446753823,0.03500338206872968
0.0654524158101263,0.035000000000000094,0.8460103690096945,0.053537215180180245
0.04437015869193071,0.03500218750632356,0.7267838871127367,0.19384376668901052
0.035308157001306635,0.7386067833254587,0.059795920867375126,0.16628913880585994
0.03560053750006472,0.03500142111487534,0.11331127988913064,0.8160867614959295
0.7567264702031521,0.03524974392241828,0.13001163316013664,0.07801215271429253
0.040294669409816325,0.035000000007748465,0.771776813424133,0.1529285171583011
0.8947165050788105,0.035000000000109936,0.03523271933717762,0.035050775583902447
0.03539581831025077,0.8163296900370596,0.055713477570329226,0.09256101408236096
0.09197686646431265,0.035000000000000094,0.8127917152929157,0.06023141824277159
0.7135680785825151,0.035800848545644866,0.12929351718396512,0.12133755568787327
0.03908722962661758,0.4197809678581694,0.15624147574577107,0.3848903267694431
0.03517782931881278,0.7285242108732675,0.062097445784422965,0.17420051402349812
0.035417315100319514,0.8124252167089148,0.0431539792804085,0.10900348891035667
0.035350061710895234,0.6766972281597787,0.08417192792235996,0.20378078220696633
0.03535089451636775,0.795366046060039,0.04166126309590781,0.1276217963276861
0.035101327370741585,0.7356147441411024,0.04512187299766892,0.18416205549048872
0.03691176334554736,0.34028930130536067,0.243173427014551,0.3796255083345414
0.03912399228227013,0.6080127561759938,0.07355556435365919,0.27930768718807736
0.03799188542660629,0.4169220251371527,0.1404349146369239,0.4046511747993172
0.03564655599856361,0.7629449011265317,0.07099785898269165,0.13041068389221594
0.89499676998589,0.0350000000000001,0.03500237889529848,0.03500085111881272
0.03509082886276546,0.035000000000000094,0.8698541302439052,0.06005504089332943
0.8949999999982498,0.035000000000000094,0.035000000001724596,0.03500000000002787
0.03561442966092895,0.08543619760325441,0.10856643076422197,0.7703829419715956
0.03522508363488975,0.7626252904459168,0.05602150613706683,0.14612811978212592
0.046645121259828344,0.03500003115170879,0.20095985912945313,0.7173949884590097
0.03641434195762918,0.8041298309107257,0.05820658614342311,0.10124924098822008
0.8949366501098608,0.03500000000003717,0.035060088450386176,0.03500326143971426
0.0837371710746566,0.035095798893705406,0.5179477746426069,0.36321925538902994
0.04401646936601272,0.03518218415902382,0.40703250437732635,0.5137688420976367
