I,G,C,H
0.04556787914612512,0.14282273779781074,0.10635127019391434,0.7052581128621411
0.035064132096835406,0.8320182841037136,0.038341164784732394,0.09457641901472896
0.057176350093878545,0.035007963577660534,0.26532899681339855,0.6424866895150863
0.2287041242849595,0.035,0.6462133771623285,0.09008249855269755
0.041992855054420665,0.035,0.8723670779848389,0.050640066960725046
0.059553196134078085,0.03500000007862133,0.5381313303074732,0.3673154734798359
0.8949977584997867,0.03500000000000425,0.03500174640319276,0.03500049509699253
0.03523433014147657,0.7420162340542209,0.050067435531048594,0.17268200027323174
0.03515531425786266,0.7340416049888757,0.05065707888824244,0.18014600186500163
0.06888843020567978,0.039324400648485476,0.343255978213228,0.5485311909326004
0.054894521712280195,0.035,0.7116130106958312,0.19849246759188616
0.8949882448996098,0.035,0.03500937452492523,0.03500238057545558
0.035232059250484775,0.7779530591558236,0.042651648631153144,0.14416323296252342
0.036046103605750494,0.7548511948483215,0.05303096101229086,0.15607174053365008
0.895,0.035,0.03500000000000094,0.0350000000000002
0.8949987373609797,0.035,0.03500089420181743,0.03500036843719348
0.048347633339338766,0.036663997875194525,0.6277591532957014,0.28722921548976843
0.04396956360355379,0.035000007117736626,0.14919302145622482,0.771837407822488
0.8949999726546166,0.035,0.035000018153831886,0.035000009191566886
0.035158177762094935,0.8150264985395216,0.03898253802156836,0.11083278567683306
0.035465563436499814,0.7055802277816389,0.05896320090625612,0.19999100787560414
0.035762693237584436,0.7934335846176498,0.049313196702214235,0.12149052544255307
0.03536617071638679,0.7615395398754814,0.040402407788305124,0.16269188161981282
0.046962483992318046,0.03501018706388947,0.34850512246051546,0.5695222064832799
0.035107883283338207,0.7232430270519599,0.04216908979907851,0.19947999986564563
0.8940926514885172,0.035000000000002425,0.035738585237064885,0.035168763274425016
0.035407687235902076,0.7904174139768366,0.04160538610854719,0.1325695126787343
0.04077589403315597,0.035000000000258,0.24019001215935915,0.6840340938072222
0.07285833671653244,0.03500000010717803,0.8334730012991148,0.05866866187719795
0.8949998832271069,0.035,0.03500007131530302,0.03500004545757639
0.04868944396593905,0.03500000000001723,0.7821612271951781,0.1341493288388823
0.04869853672024733,0.03500000000001711,0.7822480733162948,0.13405338996345992
0.03679440482425264,0.03581795945425733,0.05604246665835389,0.8713451690631547
0.0610118969440127,0.035,0.6228524631796847,0.28113563987629003
0.0367561380148996,0.6881530815163877,0.08114589705916792,0.19394488340953372
0.0355763115083899,0.7481038140431786,0.0609851990984606,0.15533467534995518
0.03523022205813846,0.7811507001998048,0.04809050474639126,0.13552857299566073
0.03518139549417972,0.7960572960807196,0.04109902108122722,0.12766228734386573
0.035155424892145806,0.7340085795388483,0.050663900419587446,0.1801720951494357
0.06234659153251743,0.03500000000111353,0.6571622697729468,0.24549113869341577
0.035525288946077566,0.7588285144885755,0.05667075771533858,0.14897543885000417
0.039232758009836145,0.3310211915323942,0.23460778685761666,0.3951382636001397
0.07207577701249249,0.035090842570425496,0.38318697557433046,0.5096464048427483
0.03548136259626269,0.7200490721489706,0.0454611412344218,0.1990084240203258
0.03703816958946651,0.035,0.8062359260189547,0.12172590439159434
0.8926669436171607,0.035,0.03714103625385639,0.03519202012900317
0.8845256604835031,0.035,0.045108397359138394,0.03536594215737046
0.03532569109718014,0.7655316415474365,0.0537102489744691,0.1454324183808976
0.803390788939106,0.035379584086813076,0.06737206001186093,0.09385756696224372
0.8949999445952149,0.035,0.035000046696915116,0.035000008707854566
0.058025598295896874,0.09117479443559018,0.34738577304185164,0.5034138342266745
0.05642439468803449,0.03500712037297941,0.2635690214621309,0.6449994634768628
0.03680097225395631,0.035818902944562386,0.05611678492158074,0.8712633398798769
0.0482989347671055,0.03666647382056848,0.6274894446810684,0.287545146731269
0.04827360236721295,0.035,0.8612676903875908,0.05545870724520022
0.8949998205532762,0.035,0.03500017826555518,0.035000001181191
0.03534206688172537,0.6768164414109495,0.052752631468303474,0.23508886023901648
0.03698850874357447,0.6792184759385061,0.08411498044483386,0.19967803487307745
0.03523037017806255,0.7811204581750294,0.048090376640032545,0.13555879500689755
0.043362981605694,0.03500000007741053,0.7208051580408832,0.20083186027602257
0.05485532823978739,0.035,0.7115744919586858,0.19857017980154004
0.03532555420521505,0.7655381825712992,0.053707167265130716,0.14542909595834952
0.8949999987016054,0.035,0.03500000084335562,0.03500000045503181
0.035481291588091615,0.7200693621160676,0.04546190247696835,0.19898744381888797
0.04556233821757867,0.03503842576319786,0.14210977034899278,0.777289465670251
0.035250016686319025,0.7365609861241059,0.05135720059844294,0.1768317965911544
0.03689547336403773,0.7272817092457536,0.06716142261517319,0.16866139477504746
0.8949999887632647,0.035,0.0350000108470215,0.03500000038970371
0.8932839826898272,0.03500000000055342,0.03643393036985026,0.035282086939747784
0.03527839616343883,0.8164745541346853,0.03874990305003327,0.10949714665183
0.03517800963011377,0.724774803616187,0.05335046507604778,0.18669672167766482
0.893267649321163,0.035000000000568916,0.03644715310396156,0.035285197574326924
0.038319046445827516,0.03500000003164795,0.20259598904070714,0.7240849644818221
0.894999972576449,0.035,0.0350000181980502,0.03500000922548191
0.89499874026716,0.035,0.03500089182064127,0.03500036791219599
0.8949999445856822,0.035,0.035000046706818534,0.03500000870750969
0.035181378967580966,0.7960655233523433,0.04109910873180695,0.12765398894826596
0.894091618559181,0.03500000000000243,0.03573935025453868,0.035169031186279065
0.03524721755443699,0.7717993184825083,0.05207062775854099,0.14088283620452466
0.03672201305248387,0.3880863976632193,0.1549327723978288,0.4202588168864877
0.04199787921698449,0.03500000000006824,0.6562108747475552,0.266791246035401
0.03571227588634293,0.8028467697447306,0.041273800402424635,0.12016715396649677
0.03552617100388839,0.7587935985897618,0.05667842989676887,0.14900180050958095
0.03542267981330483,0.8008952735800342,0.0505753967199397,0.11310664988671487
0.894999998704783,0.035,0.03500000084155879,0.0350000004536686
0.036601050762134206,0.035023857284691845,0.45356548172556954,0.47480961022761475
0.03546563537529744,0.749477507310062,0.03984300326176249,0.17521385405287815
0.7784830611978503,0.03520692971757526,0.09364192187201718,0.09266808721257308
0.0666157372885307,0.035,0.7645055734967043,0.133878689214744
0.035405245629887276,0.6671717687280366,0.054563676533164,0.24285930910892978
0.03516960934126484,0.035,0.8317221920017352,0.09810819865702279
0.03515825351540525,0.8150303329323906,0.03898353014794259,0.11082788340426486
0.035762431394736796,0.7934324934579268,0.04931260722935382,0.121492467917969
0.03556864330983451,0.09658218178907477,0.0831833272420742,0.7846658476589933
0.04187703785706048,0.1098974639547067,0.12176976520322906,0.7264557329850139
0.0455816427015443,0.035038774302307875,0.14235097922086512,0.7770286037753018
0.06649039078655619,0.035,0.7643939979592969,0.1341156112541695
0.03531106095126904,0.7607598937938914,0.05450536369007022,0.149423681564745
0.035465568977191456,0.7495277166619841,0.03983099689836694,0.17517571746243957
0.712547259355318,0.035,0.1345225153999702,0.11793022524472363
0.0372105862622185,0.715030588197766,0.07064738067046117,0.17711144486953223
0.0365095654006964,0.33870420584702976,0.1125074444869951,0.5122787842653005
0.8949998198284046,0.035,0.03500017898514296,0.035000001186463826
0.03523034497331024,0.7779900828566931,0.042658953203138575,0.1441206189668755
0.03564403246660801,0.22271054121170952,0.0791370719643692,0.6625083543573227
0.8949085815622143,0.03500000032363537,0.03506401767671646,0.03502740043744675
0.03586191539617948,0.7946221931947413,0.04231239228662165,0.12720349912247558
0.06112093161355558,0.035,0.6216858100896735,0.28219325829679437
0.041874263204731796,0.10984546567304118,0.12179219634342067,0.726488074778784
0.03660117937722622,0.03502384118975681,0.4535354569379164,0.4748395224950884
0.22873529948213808,0.035,0.6461395228859316,0.09012517763194675
0.0354657827326626,0.705510762462505,0.05896603842336476,0.20005741638145683
0.8845860548951961,0.035,0.04505133266887257,0.03536261243594539
0.03920827158057282,0.229419202364866,0.3539898995277025,0.37738262652686183
0.8949999559212631,0.03500000000000022,0.03500003602571973,0.03500000805301509
0.045186646319161666,0.03522272493762148,0.2927845920011088,0.6268060367420902
0.038421522154876035,0.03500000003657733,0.20375370883875898,0.7228247689698112
0.04555250126823761,0.1429421054833079,0.10625490762139637,0.7052504856270367
0.03632078144646754,0.035,0.6704681760606925,0.25821104249285504
0.8949999560261221,0.03500000000000022,0.03500003594098425,0.035000008032869345
0.895,0.035,0.035000000000001426,0.03500000000000002
0.03917008455152332,0.3310232544478532,0.23447684008084022,0.39532982091978996
0.047005419745515024,0.035,0.7262279048479765,0.19176667540648915
0.895,0.035,0.03500000000000095,0.0350000000000002
0.059549810318533,0.03500000007851529,0.5382187959415465,0.3672313936613895
0.04078277802034054,0.035000000000255875,0.2401899894677849,0.6840272325116349
0.89490882426316,0.03500000032374246,0.0350638642953771,0.03502731111770141
0.8949999888137143,0.035,0.0350000107974478,0.03500000038885791
0.035482802780249914,0.03500028253977936,0.08364794248919796,0.8458689721907817
0.03960752568331669,0.3685557390611397,0.16729676811581984,0.4245399671397067
0.06831766952782872,0.036448248158382206,0.680529621903171,0.21470446041061744
0.04885261764956652,0.2893263588518594,0.18882618419142255,0.4729948393071518
0.03527700453787203,0.8165906998414935,0.03871702585614431,0.10941526976450837
0.03537382472768416,0.6792834441564621,0.06678571407948994,0.21855701703638464
0.03779396468183208,0.5893456295916802,0.06231607716426507,0.31054432856223246
0.035064182962352114,0.8320081115096039,0.03834519477795021,0.09458251075007773
0.8926801891924318,0.035,0.03712888278151848,0.03519092802603595
0.037016544336655265,0.035,0.8065026905269069,0.12148076513644017
0.07576200155529514,0.035,0.8048329240461937,0.08440507439849516
0.035686176632318864,0.22384634429237724,0.08019850683034208,0.6602689722449449
0.03636076686846281,0.035,0.6695691805659686,0.25907005256557875
0.7125163245766618,0.035,0.13453519079348833,0.11794848462985043
0.8949977518029036,0.035000000000004305,0.03500175067526998,0.035000497521816165
0.8949882665803043,0.035,0.03500935530346176,0.035002378116218785
0.04081002844338351,0.0732119878710561,0.21883927613739557,0.667138707548165
0.03960788041745121,0.36822635567533046,0.16744272147457592,0.42472304243265324
0.8949998720293347,0.035,0.03500011631645165,0.035000011654219045
0.04335824940248524,0.03500000007688489,0.7208798931618644,0.2007618573587452
0.06839831881832655,0.03921817354749392,0.34262263921362757,0.5497608684205457
0.07288199606473263,0.0350000001072559,0.8334472924407459,0.05867071138727141
0.04114047342411454,0.07443340317174812,0.22070565125855804,0.663720472145599
0.052621474226247175,0.03500000000000067,0.8501642221931424,0.06221430358062447
0.04700922531256073,0.035,0.7258810219548577,0.19210975273258254
0.03922539872911946,0.2294456506962819,0.3539425806318913,0.37738636994270414
0.035880061614921716,0.7642262456001349,0.05105880490118908,0.14883488788377813
0.03615556467190791,0.7932272113685687,0.05140828952629556,0.11920893443321963
0.04696839087113726,0.03501005741961617,0.34882670191189874,0.5691948497973401
0.048263318626732485,0.035,0.861366099505683,0.05537058186758649
0.06955994795776706,0.036576715072688296,0.6767262178628316,0.2171371191067134
0.09769420549624609,0.035,0.7680519093212176,0.09925388518254893
0.04206188688449025,0.035,0.8719497268323354,0.05098838628317425
0.05262521773304515,0.03500000000000067,0.8501585475117156,0.06221623475523201
0.03649749702538613,0.3387318639767821,0.11232042240066574,0.5124502165971627
0.8949768982895442,0.03500000000000007,0.03501706929784576,0.03500603241260542
0.05830065920852308,0.09147635779479485,0.34757886553370565,0.5026441174629916
0.06233031445181754,0.03500000000111825,0.6571423716856364,0.24552731386142101
0.048841159639601464,0.28943415908518955,0.18877960044948494,0.4729450808257022
0.04658948736635375,0.035001807401242126,0.589804461849871,0.3286042433825142
0.8949998714846543,0.035,0.03500011681179994,0.03500001170355383
0.8949960613831038,0.03500000000000002,0.03500369308937807,0.03500024552750741
0.07576211397384107,0.035,0.8048183846241689,0.08441950140197522
0.04658476083043103,0.035001807754814665,0.589806466098287,0.3286069653164615
0.0353025673253955,0.7276788860500701,0.05315191782299293,0.183866628801558
0.03548280397659176,0.035000283273854425,0.08376635346699521,0.845750559282558
0.7788285876970673,0.035205686284163026,0.09352793368278439,0.09243779233596812
0.0419695592878398,0.0350000000000676,0.6558905275586993,0.26713991315337526
0.894976861294651,0.03500000000000007,0.03501709587393749,0.03500604283140435
0.03542299199443165,0.8008801914307562,0.05058196267794235,0.11311485389688952
0.09758223711577824,0.035,0.7682263265455421,0.0991914363386594
0.795209736164897,0.03546492458030551,0.0705729851067494,0.09875235414804975
0.037817894816288486,0.4690643122336152,0.10568938188413264,0.38742841106594683
0.03516942927187933,0.7271808471543109,0.052873950269286416,0.18477577330452136
0.03539140891516467,0.7921140430540582,0.04139902731653773,0.1310955207142212
0.03535231271972844,0.6826182962820772,0.06587695029788293,0.21615244070028944
0.0352936301541783,0.771457571418065,0.03955694536164039,0.15369185306613903
0.035107782601134625,0.7232492862676666,0.04214563925821958,0.19949729187299872
0.036721327327013456,0.38806751117427585,0.15490709350374923,0.42030406799494924
0.03779690090823583,0.5892691464746895,0.062329644070603214,0.31060430854647214
0.037526987081352256,0.47584171677295595,0.10239563653725474,0.38423565960843786
0.035576756287715255,0.7480864381153421,0.06099622284038655,0.15534058275654689
0.8949998830676918,0.035,0.035000071408074554,0.035000045524213604
0.035167911561220996,0.035,0.831882018514808,0.09795006992395063
0.895,0.035,0.03500000000000145,0.03500000000000002
0.03556555251325354,0.09649507725058572,0.0830411460801,0.7848982241560523
0.0352342310295726,0.7420627036847517,0.05006844557342199,0.17263461971223037
0.043967519762329675,0.035000007168999286,0.1491538478559471,0.7718786252127116
0.03615579611794643,0.7932322444026401,0.05141142015781887,0.11920053932160062
0.8949961185047287,0.03500000000000002,0.03500364240377806,0.03500023909151728
0.07172818913648912,0.03508837449625349,0.38296295437185324,0.5102204819954045
0.04518092625074686,0.035222557586436144,0.2927453632658723,0.626851152896934
